Centered vs non-centered -- same model, different geometry
(rhat and ess over the hyperparameters a_bar and sigma)

               model divergent max_rhat min_ess
     m13.2c centered         0    1.023     150
 m13.2  non-centered         0    1.001     714


m13.2c centered -- hyperparameters

          mean         sd      5.5%     94.5%     rhat ess_bulk
a_bar 2.877291 0.09223285 2.7303683 3.0256022 1.007293 501.4395
sigma 0.623677 0.09710018 0.4716316 0.7785996 1.022600 149.8814


m13.2 non-centered -- hyperparameters

           mean         sd      5.5%     94.5%     rhat ess_bulk
a_bar 2.8760853 0.09448387 2.7303574 3.0307775 1.000963 932.4039
sigma 0.6166877 0.10255011 0.4556542 0.7862754 1.000586 714.1336


m13.2 non-centered -- all parameters

           mean        sd     5.5%    94.5%      rhat ess_bulk
a[1]   2.905539 0.6352772 1.943091 3.918930 1.0015619 2021.939
a[2]   2.901399 0.6350082 1.905017 3.920700 1.0031626 2154.593
a[3]   2.888004 0.6378927 1.881254 3.951019 1.0053846 2529.188
a[4]   2.906866 0.6256301 1.949238 3.952942 1.0025507 2184.943
a[5]   2.896226 0.6142238 1.913153 3.940433 1.0002075 2255.621
a[6]   2.919694 0.6200158 1.924383 3.914710 0.9994606 2286.891
a[7]   2.904799 0.5822735 1.970965 3.852156 1.0006938 2445.587
a[8]   2.899291 0.6005352 1.949750 3.839929 0.9999770 2100.462
a[9]   2.896527 0.6201686 1.947926 3.904957 1.0000865 2050.910
a[10]  2.890830 0.6168259 1.875862 3.847221 1.0024791 2075.460
a[11]  2.878753 0.6154321 1.855560 3.875799 1.0008563 2616.675
a[12]  2.892989 0.6556689 1.878835 3.949282 1.0005563 2602.839
a[13]  2.525470 0.6062405 1.547904 3.474811 1.0007277 2249.216
a[14]  2.895390 0.6275347 1.909035 3.873242 1.0008410 2094.620
a[15]  2.930824 0.6304456 1.955617 3.966977 1.0019476 2199.197
a[16]  2.899341 0.6593414 1.839122 3.965280 1.0053930 2128.143
a[17]  2.893913 0.5989631 1.933208 3.865489 1.0000884 2021.045
a[18]  2.905640 0.6512482 1.907989 3.928785 1.0029222 2636.290
a[19]  2.911164 0.6142877 1.922773 3.915368 0.9996145 2334.128
a[20]  2.903793 0.5986273 1.965392 3.858700 1.0011877 2731.173
a[21]  2.906267 0.6318886 1.936939 3.911627 1.0011619 2678.951
a[22]  2.893746 0.6118415 1.930533 3.879925 1.0019018 2116.098
a[23]  2.901023 0.6174821 1.936238 3.928582 1.0001797 2309.413
a[24]  2.929046 0.6059302 1.993907 3.919155 1.0033670 2573.164
a[25]  2.911988 0.6131104 1.960417 3.911675 1.0020123 2292.232
a[26]  2.927369 0.6301216 1.935895 3.923124 1.0011931 2070.751
a[27]  2.948031 0.6003615 2.046854 3.961743 1.0035366 2393.034
a[28]  2.894609 0.6265749 1.919324 3.915262 0.9996944 2114.031
a[29]  2.540261 0.6240790 1.512124 3.515130 1.0007205 1991.549
a[30]  2.928108 0.6114870 1.950442 3.894402 1.0031932 2002.310
a[31]  2.913137 0.6453636 1.895853 3.962542 0.9995406 2189.649
a[32]  2.932212 0.6314566 1.940838 3.933152 1.0032649 2235.834
a[33]  2.932138 0.6131175 1.966140 3.932925 1.0015386 2264.133
a[34]  2.932388 0.6048840 1.958972 3.903562 1.0026509 2290.562
a[35]  2.931023 0.5957604 1.952962 3.922448 1.0046984 2132.285
a[36]  2.941491 0.6445115 1.910001 3.991717 1.0021567 2352.580
a[37]  2.927127 0.6143839 1.969450 3.917070 0.9999442 2052.945
a[38]  2.912981 0.6083126 1.942879 3.877501 1.0005391 2202.817
a[39]  2.895781 0.5715636 2.002671 3.828627 1.0003420 1860.102
a[40]  2.929818 0.6205940 1.952910 3.939149 1.0005738 2114.791
a[41]  2.571661 0.6165648 1.580301 3.556782 1.0004140 2089.871
a[42]  2.966331 0.6121469 1.995181 3.950661 1.0017894 2033.685
a[43]  2.573932 0.6285342 1.566092 3.553743 1.0022088 2236.443
a[44]  2.562097 0.6083454 1.609276 3.519429 1.0066514 2225.611
a[45]  2.958521 0.5929440 2.039856 3.960046 1.0027292 2462.111
a[46]  2.925892 0.6104756 2.024682 3.897777 1.0004527 2638.918
a[47]  2.949382 0.6022408 1.975443 3.920217 1.0019975 1816.351
a[48]  2.947709 0.6001544 1.999591 3.943059 1.0003840 2104.654
a[49]  2.574862 0.6244118 1.583106 3.606204 1.0009551 1738.093
a[50]  2.556467 0.6077402 1.573671 3.508907 1.0001640 2152.120
a[51]  2.950900 0.6014570 2.053193 3.934278 1.0040435 2270.198
a[52]  2.949272 0.6060552 2.021458 3.940827 1.0017425 2180.781
a[53]  2.579247 0.5918372 1.590256 3.512622 1.0072299 2281.393
a[54]  2.928687 0.6128589 1.973801 3.900749 1.0042566 2347.179
a[55]  2.964868 0.5974966 2.044090 3.935225 1.0030736 2449.023
a[56]  2.961108 0.6074420 1.998171 3.924136 1.0008743 2089.640
a[57]  2.972934 0.6010462 2.026059 3.991543 1.0002520 1927.652
a[58]  2.963394 0.6127970 1.986370 3.956353 1.0019621 2118.549
a[59]  2.604026 0.5821601 1.658646 3.529939 1.0009743 2621.041
a[60]  2.278458 0.5854862 1.328303 3.174629 1.0000396 2062.803
a[61]  2.265325 0.5915447 1.318942 3.186956 1.0017591 1983.584
a[62]  2.960522 0.5959219 2.036914 3.915596 1.0062600 2426.104
a[63]  2.613484 0.6133433 1.636157 3.598789 1.0018041 1846.961
a[64]  2.602232 0.5902798 1.668058 3.566064 1.0022114 2078.140
a[65]  2.982911 0.6001996 2.007391 3.965294 1.0004730 2020.127
a[66]  2.952629 0.5974334 2.020441 3.904424 1.0005838 2041.664
a[67]  2.956534 0.6047701 2.015722 3.944232 1.0009087 2555.505
a[68]  2.977561 0.5970516 2.082067 3.967034 1.0004442 2243.343
a[69]  2.979841 0.6161205 2.013359 3.986523 1.0003265 2029.134
a[70]  2.637614 0.5907723 1.718597 3.566888 1.0015854 2215.904
a[71]  2.613932 0.5906864 1.700008 3.549636 1.0027537 2083.914
a[72]  2.995952 0.6040738 2.051445 3.945183 0.9997286 2367.910
a[73]  2.644040 0.5937401 1.703029 3.601510 1.0035021 2358.808
a[74]  2.991773 0.6060072 2.035406 3.988367 1.0036064 2289.001
a[75]  2.986971 0.6229386 2.022875 4.053004 1.0039777 1921.627
a[76]  2.625434 0.5974537 1.671049 3.585304 1.0015765 2169.360
a[77]  2.656945 0.5928637 1.716576 3.613591 1.0020048 1563.141
a[78]  2.636366 0.6233250 1.624062 3.640172 1.0012609 1806.539
a[79]  2.637124 0.5848378 1.730449 3.616385 1.0003971 2487.120
a[80]  2.963391 0.5973043 2.044502 3.949058 1.0007506 2208.979
a[81]  3.004330 0.5962647 2.072534 3.944608 0.9993370 2406.401
a[82]  2.993818 0.5923566 2.103492 3.952182 1.0001244 1997.076
a[83]  3.007894 0.5854613 2.092189 3.958598 1.0018764 2112.043
a[84]  2.992925 0.5906511 2.076818 3.984100 1.0019607 1903.221
a[85]  2.339110 0.5814438 1.368731 3.264916 0.9995713 1930.162
a[86]  3.007099 0.5915291 2.095832 4.000445 1.0003140 1807.929
a[87]  3.001110 0.5784539 2.067115 3.912921 1.0008109 2235.848
a[88]  3.026752 0.6084393 2.055358 4.066659 1.0012996 1878.691
a[89]  3.008747 0.5723169 2.118475 3.943739 1.0049315 1957.343
a[90]  2.692164 0.5973837 1.770174 3.617520 1.0000622 1900.769
a[91]  3.020358 0.5797853 2.099206 3.944713 1.0007276 2712.661
a[92]  3.007119 0.6162184 2.054378 3.980650 1.0040118 1647.975
a[93]  3.014992 0.5779037 2.118441 3.966355 1.0011166 2204.149
a[94]  2.690287 0.5785030 1.778491 3.606371 1.0000294 2302.507
a[95]  3.026094 0.6094053 2.087308 4.004822 1.0018821 2604.613
a[96]  3.061388 0.5947696 2.172824 4.031528 1.0024184 1996.008
a[97]  3.023466 0.6053898 2.080402 4.026057 1.0049627 2554.183
a[98]  3.033782 0.5831769 2.123202 3.959350 1.0010495 2312.665
a[99]  2.711111 0.5754299 1.771881 3.652940 0.9994296 2605.894
a[100] 2.399512 0.5568879 1.499638 3.282231 0.9996656 2566.985
a[101] 2.714861 0.5853586 1.804822 3.677916 1.0049526 2115.538
a[102] 2.684703 0.5706538 1.790670 3.598903 1.0000160 2096.760
a[103] 2.724781 0.5946813 1.775792 3.680461 1.0008272 2425.382
a[104] 3.045744 0.6181378 2.090430 4.069714 1.0019058 2536.444
a[105] 3.021397 0.5968581 2.094131 3.982169 1.0035629 2149.668
a[106] 3.030616 0.5744881 2.170476 3.973301 1.0003220 2536.184
a[107] 3.040967 0.5830256 2.125366 3.984620 1.0036852 2200.565
a[108] 2.742906 0.5679950 1.850115 3.669416 1.0022569 1862.866
a[109] 3.033596 0.5790362 2.132796 3.973125 1.0026674 2551.173
a[110] 2.732439 0.5580623 1.860135 3.615255 1.0032686 2344.915
a[111] 2.744508 0.5799968 1.836327 3.668133 0.9999714 2420.280
a[112] 2.435393 0.5464418 1.558338 3.287200 1.0023705 2292.598
a[113] 3.063455 0.5836733 2.194807 4.050968 1.0056319 2565.597
a[114] 2.728146 0.5684354 1.836327 3.643612 1.0021177 2239.484
a[115] 3.060001 0.5897332 2.133054 3.996962 1.0031291 2003.959
a[116] 2.448937 0.5672426 1.593460 3.337047 1.0021207 2162.143
a[117] 2.441223 0.5403758 1.589415 3.328781 1.0021059 2395.430
a[118] 3.060971 0.5623978 2.177590 3.991781 1.0025990 1745.574
a[119] 2.178640 0.5357187 1.316053 3.019723 1.0011758 2142.344
a[120] 3.090514 0.5972422 2.141008 4.054492 1.0020585 2276.063
a[121] 3.100715 0.5648065 2.217398 4.005764 1.0022812 2255.509
a[122] 3.092283 0.5861294 2.206161 4.063979 1.0015601 2296.451
a[123] 3.076761 0.5921119 2.150272 4.048767 1.0008262 1710.047
a[124] 2.765811 0.5684301 1.856819 3.670181 1.0024277 2633.451
a[125] 2.781997 0.5688534 1.891092 3.682968 1.0004768 2032.233
a[126] 2.819100 0.5712891 1.906830 3.728209 1.0009395 2198.668
a[127] 2.811085 0.5661125 1.931239 3.731495 1.0004102 2250.319
a[128] 3.127123 0.5814199 2.265407 4.098506 1.0003954 1788.230
a[129] 2.268785 0.5182391 1.439431 3.081096 1.0009762 2075.765
a[130] 2.311012 0.5059776 1.519957 3.108159 1.0008025 2403.271
a[131] 3.129930 0.5790683 2.244137 4.072361 1.0012836 2197.896
a[132] 2.857765 0.5425256 2.025629 3.727599 1.0012274 1819.704
a[133] 2.873373 0.5433821 2.016942 3.731013 1.0000463 2422.659
a[134] 2.859832 0.5691591 1.979004 3.810439 1.0004538 2088.612
a[135] 3.167950 0.5613607 2.302753 4.132554 1.0017606 2263.047
a[136] 2.915497 0.5234946 2.101895 3.747828 1.0015690 2186.214
a[137] 2.902873 0.5157176 2.072369 3.757665 1.0002113 2921.289
a[138] 2.902734 0.5273126 2.025385 3.748534 1.0012878 2086.743
a[139] 2.464606 0.4821346 1.701288 3.262117 1.0002566 2230.755
a[140] 2.975563 0.5214096 2.175708 3.877897 1.0011558 2338.129
a[141] 2.988815 0.5492920 2.133874 3.910135 1.0002398 2055.582
a[142] 2.756594 0.4858129 2.004118 3.561221 1.0033241 2557.555
a[143] 3.005162 0.5129908 2.185870 3.860347 1.0011708 2363.040
a[144] 2.529620 0.4586628 1.809288 3.292550 1.0019342 2553.905
a[145] 3.306021 0.5450000 2.461614 4.207834 1.0015417 1268.026
a[146] 3.051452 0.5140559 2.257268 3.914186 1.0018041 1816.494
a[147] 2.568051 0.4794612 1.825052 3.342226 1.0043351 2247.435
a[148] 3.340995 0.5463357 2.488112 4.259085 0.9998164 2280.472
a[149] 2.846014 0.4815798 2.089671 3.614866 1.0009886 2402.320
a[150] 2.100873 0.4234943 1.437072 2.806514 1.0012478 2216.962
a[151] 2.475447 0.4274150 1.798952 3.158666 1.0010797 2534.236
a[152] 3.388874 0.5353637 2.570864 4.267752 1.0023531 1755.807
a[153] 2.316857 0.4253183 1.649131 3.002208 1.0024641 1718.927
a[154] 1.971058 0.3955784 1.379253 2.598855 1.0013592 2228.591
a[155] 3.408664 0.5375714 2.618314 4.289195 1.0002886 2278.358
a[156] 3.163195 0.4994353 2.413182 3.960460 1.0018503 2412.896
a[157] 3.174479 0.4946698 2.411180 3.976482 1.0039757 1838.068
a[158] 3.182899 0.4911655 2.427350 3.989774 1.0012925 2539.882
a[159] 3.194912 0.4849224 2.455799 4.007851 1.0024918 2476.468
a[160] 3.227092 0.4995916 2.493697 4.062284 1.0025574 2037.090
a[161] 3.483832 0.5187249 2.720847 4.364205 1.0005231 2246.069
a[162] 3.263296 0.4795304 2.557736 4.074794 0.9999498 2361.918
a[163] 2.877889 0.4151514 2.247500 3.540874 0.9995893 2252.277
a[164] 2.578957 0.3928912 1.989840 3.220638 1.0019342 2222.149
a[165] 3.088158 0.4415471 2.428726 3.823692 1.0021180 2651.786
a[166] 3.123579 0.4536435 2.441320 3.880602 1.0008733 1670.159
a[167] 3.553906 0.5155578 2.786369 4.385612 1.0048068 2225.547
a[168] 3.367661 0.4602226 2.671009 4.123920 1.0012706 2363.054
a[169] 2.496143 0.3889063 1.922235 3.160897 1.0016009 2281.284
a[170] 2.793057 0.3838022 2.195498 3.413759 1.0014007 2178.918
a[171] 3.592974 0.5082706 2.826209 4.472592 1.0006279 1631.077
a[172] 3.005386 0.4169683 2.371120 3.674901 1.0001776 2704.694
a[173] 3.006284 0.4193732 2.371525 3.724722 1.0006507 1869.521
a[174] 2.876525 0.4050515 2.231523 3.553151 1.0074883 2669.300
a[175] 2.126052 0.3365822 1.606024 2.660757 0.9990362 2315.780
a[176] 2.880920 0.3898900 2.296329 3.523674 1.0014732 2646.807
a[177] 3.103035 0.4144312 2.469752 3.793159 1.0015535 2479.193
a[178] 2.542298 0.3374792 2.037296 3.078595 1.0006342 2194.380
a[179] 2.973525 0.3989975 2.376581 3.621261 1.0010199 2538.961
a[180] 3.311614 0.4365173 2.669237 4.024148 1.0024081 1773.245
a[181] 3.312338 0.4229628 2.671255 4.005933 1.0016921 2042.360
a[182] 3.326698 0.4424495 2.671715 4.053883 1.0021816 2651.916
a[183] 3.019678 0.3914470 2.415017 3.649390 1.0014232 2028.930
a[184] 3.220769 0.4097979 2.584936 3.887794 1.0025859 2523.732
a[185] 2.945581 0.3790739 2.366379 3.552976 1.0024245 2171.801
a[186] 2.388510 0.3161507 1.900256 2.908376 1.0003447 2903.129
a[187] 2.818759 0.3654760 2.249594 3.433451 1.0005491 2628.642
a[188] 2.533430 0.3033161 2.075519 3.031281 1.0042070 2386.543
a[189] 3.042886 0.3625984 2.497233 3.660456 1.0042415 2433.894
a[190] 3.329045 0.3989062 2.738824 3.996521 1.0038600 2319.942
a[191] 2.716091 0.3294709 2.192169 3.248628 1.0019882 2324.098
a[192] 3.134376 0.3475144 2.602932 3.699435 1.0019069 2484.129
a[193] 3.630875 0.4035482 3.023968 4.299209 1.0004686 2175.891
a[194] 3.031982 0.3144584 2.550192 3.551177 1.0020321 2386.642
a[195] 1.839717 0.2159436 1.500411 2.189902 1.0002159 3206.181
a[196] 3.673946 0.4171058 3.049787 4.365637 1.0049841 2322.883
a[197] 3.701305 0.4326346 3.055884 4.423650 1.0041725 2049.926
a[198] 2.527205 0.2299798 2.174565 2.895943 1.0019082 2683.536
a[199] 2.207506 0.1990486 1.892243 2.525835 0.9996039 3127.598
a[200] 2.494003 0.2204509 2.154302 2.854734 0.9988490 2496.224
