                     mean         sd      5.5%     94.5%      rhat   ess_bulk
a_listing[1]    3.2939704 0.73187779 2.1005840 4.4715958 1.0037102  6229.6013
a_listing[2]    4.7822071 0.61060656 3.8076385 5.7683894 1.0021099  7424.5157
a_listing[3]    4.8798974 0.35299151 4.3166109 5.4249357 1.0003896  7422.4208
a_listing[4]    4.6248231 0.72530536 3.4812939 5.7688840 1.0021761  7995.8071
a_listing[5]    3.4436408 0.54943993 2.5279965 4.3331802 1.0007390  6576.3250
a_listing[6]    4.8652941 0.31358287 4.3775411 5.3632708 1.0010201  8017.7254
a_listing[7]    4.7225954 0.20452962 4.3957427 5.0569811 1.0024793  4693.2400
a_listing[8]    4.4776489 0.12252278 4.2797316 4.6761137 1.0085467   595.6156
a_listing[9]    2.8454768 0.73435111 1.6745756 4.0040153 0.9996218  8067.4513
a_listing[10]   4.8876206 0.42434615 4.2189019 5.5848757 1.0019198  7075.1411
a_listing[11]   4.6623105 0.25458649 4.2581681 5.0764986 0.9994866  6975.7720
a_listing[12]   4.3539890 0.36258629 3.7874304 4.9350970 1.0023391  7503.2822
a_listing[13]   4.6163218 0.76904288 3.3900874 5.8499432 1.0029753  6885.6675
a_listing[14]   4.7706024 0.25009915 4.3639756 5.1766596 1.0023888  8246.3019
a_listing[15]   4.4772056 0.12187201 4.2822525 4.6689868 1.0053984   777.6366
a_listing[16]   4.5285251 0.15961203 4.2794158 4.7849117 1.0024419  2410.9516
a_listing[17]   4.2863143 0.32654958 3.7707053 4.7955117 1.0008383  8121.8735
a_listing[18]   4.1895063 0.27875847 3.7443238 4.6198625 0.9999469  8476.9739
a_listing[19]   4.5248992 0.29026095 4.0612799 4.9975214 0.9999992  8734.8386
a_listing[20]   4.1652109 0.20982570 3.8291723 4.4892888 1.0038697  5409.2742
a_listing[21]   3.8504959 0.13922060 3.6291441 4.0741898 1.0050053  1185.5168
a_listing[22]   4.8338722 0.27239374 4.4061522 5.2654802 1.0010977  7450.3082
a_listing[23]   4.4049020 0.45355137 3.6792130 5.1290930 1.0008270  7997.6505
a_listing[24]   4.6085824 0.53523546 3.7460172 5.4586492 1.0004525  6842.0203
a_listing[25]   4.5663760 0.14103841 4.3447973 4.7946185 1.0043731  1262.2339
a_listing[26]   4.5647940 0.13319561 4.3597156 4.7790663 1.0097313   740.7686
a_listing[27]   4.4360866 0.11134484 4.2619937 4.6162310 1.0171864   378.4426
a_listing[28]   4.6194394 0.13990874 4.3938153 4.8424904 1.0052987  1138.1722
a_listing[29]   3.7099766 0.34903793 3.1534266 4.2739921 1.0034648  7981.5718
a_listing[30]   3.9955375 0.22517397 3.6335355 4.3502516 1.0008441  5744.4431
a_listing[31]   4.3468458 0.19166822 4.0381629 4.6568377 1.0002412  5125.9760
a_listing[32]   4.4706555 0.60549251 3.4971279 5.4281833 1.0001886  7322.6358
a_listing[33]   4.6112251 0.33422583 4.0860114 5.1554706 0.9998421  7166.2414
a_listing[34]   4.4882148 0.14062090 4.2625153 4.7149114 1.0030653  1704.4019
a_listing[35]   4.5605361 0.26555272 4.1363315 4.9808286 1.0020237  8068.2970
a_listing[36]   4.5916840 0.17718168 4.3146595 4.8774014 1.0022993  4337.3470
a_listing[37]   4.4074782 0.39066066 3.7880455 5.0311359 1.0012168  6544.8658
a_listing[38]   4.6207883 0.75795835 3.3998379 5.8045891 1.0018849  7564.4861
a_listing[39]   3.9454199 0.20012249 3.6306244 4.2581913 1.0003976  6407.0335
a_listing[40]   4.5140908 0.14494324 4.2823696 4.7464326 1.0025596  1881.2369
a_listing[41]   4.5878569 0.28006779 4.1434287 5.0346455 1.0011631  7483.7222
a_listing[42]   4.4903046 0.18912591 4.1945856 4.7952223 1.0023331  4181.8921
a_listing[43]   4.0407265 0.10549759 3.8740091 4.2144419 1.0255433   252.9857
a_listing[44]   4.6943529 0.17994928 4.4084124 4.9851013 1.0013034  5015.3401
a_listing[45]   4.2917487 0.21182082 3.9463714 4.6204749 1.0006861  4081.9065
a_listing[46]   4.7783705 0.60418502 3.8154834 5.7399781 1.0013304  7182.2758
a_listing[47]   3.6132378 0.45354958 2.8810663 4.3310339 1.0008190  7361.6501
a_listing[48]   4.6240056 0.74073817 3.4564665 5.7979879 1.0010911  8607.1524
a_listing[49]   4.6715900 0.38285589 4.0641648 5.2892023 1.0018225  8119.6007
a_listing[50]   4.5311005 0.13646696 4.3155964 4.7484577 1.0046824  1200.8960
a_listing[51]   4.8609693 0.49301717 4.0738557 5.6346517 1.0002223  7203.7760
a_listing[52]   4.3396313 0.24711262 3.9478976 4.7321745 1.0008542  8318.4581
a_listing[53]   4.0752001 0.15819433 3.8221882 4.3296051 1.0036634  1862.0120
a_listing[54]   4.2838412 0.39122788 3.6537708 4.8931857 1.0021213  8575.9685
a_listing[55]   4.7839729 0.21829738 4.4403621 5.1382643 0.9999170  7076.6879
a_listing[56]   4.7837923 0.34327081 4.2448186 5.3349824 1.0028068  8362.0009
a_listing[57]   4.4727450 0.41357799 3.8089094 5.1423308 1.0012809  6941.9792
a_listing[58]   4.4355509 0.32917227 3.9144722 4.9705211 1.0006523  7935.4952
a_listing[59]   4.3675712 0.54859023 3.4856706 5.2472886 1.0041738  7426.1282
a_listing[60]   4.3882013 0.55413908 3.4933060 5.3008032 1.0005628  7446.8378
a_listing[61]   4.5648604 0.37524532 3.9582065 5.1508398 1.0019633  8402.7385
a_listing[62]   4.6437636 0.28781581 4.1784912 5.1001457 1.0007729  7327.6338
a_listing[63]   4.6162127 0.72306819 3.4498678 5.7718027 1.0008027  7077.8449
a_listing[64]   3.7709735 0.10802907 3.5981088 3.9502731 1.0271654   205.9357
a_listing[65]   4.3437796 0.10936564 4.1715321 4.5196891 1.0143313   375.0880
a_listing[66]   4.4442457 0.11959019 4.2548652 4.6411081 1.0077017   655.0210
a_listing[67]   3.7673250 0.10662581 3.5986900 3.9439783 1.0254823   218.3727
a_listing[68]   4.6033349 0.15684355 4.3518490 4.8477872 1.0017478  2748.4110
a_listing[69]   4.8125328 0.24962641 4.4175025 5.2089118 1.0009221  7614.5465
a_listing[70]   4.7879068 0.63205897 3.7851394 5.8032528 1.0028353  6712.0769
a_listing[71]   4.6109013 0.77739194 3.3784879 5.8620632 1.0020435  8489.9866
a_listing[72]   4.2863556 0.29150586 3.8099340 4.7546879 1.0008877  6297.6546
a_listing[73]   4.4058480 0.45053594 3.6869440 5.1242353 1.0045711  8412.9918
a_listing[74]   4.7748694 0.27611820 4.3345880 5.2173041 1.0013663  7245.7619
a_listing[75]   4.6250119 0.73628454 3.4548650 5.7872804 1.0020221  6762.2876
a_listing[76]   4.6212559 0.42875164 3.9320915 5.3133992 1.0016271  7709.7952
a_listing[77]   4.8799882 0.37919095 4.2604877 5.4963132 0.9999099  8053.5030
a_listing[78]   2.8470142 0.74041378 1.6628626 4.0391514 1.0019282  7656.1384
a_listing[79]   4.6367774 0.15765518 4.3869505 4.8931741 1.0016788  2817.8390
a_listing[80]   4.8413632 0.52921791 3.9862514 5.6612628 1.0006344  5550.1920
a_listing[81]   4.0538107 0.25271463 3.6538770 4.4455831 1.0000205  6391.2400
a_listing[82]   3.8553849 0.60838253 2.8983313 4.8452206 1.0013167  8173.5447
a_listing[83]   4.8590980 0.29476277 4.3885784 5.3215442 1.0039406  7589.8349
a_listing[84]   3.5680621 0.61602119 2.5859761 4.5485495 1.0007695  7965.7161
a_listing[85]   4.5630694 0.18159013 4.2678097 4.8486271 1.0006553  3673.9914
a_listing[86]   4.6256259 0.73157799 3.4932317 5.7726447 1.0001940  7320.5494
a_listing[87]   4.7128851 0.23582491 4.3339152 5.0877280 1.0000201  6657.0456
a_listing[88]   4.6804954 0.47945085 3.9078441 5.4424133 1.0000083  7923.7180
a_listing[89]   2.9336480 0.64217089 1.8891359 3.9293248 1.0016222  7364.0885
a_listing[90]   2.8478594 0.74974424 1.6452569 4.0315942 1.0022952  8152.3323
a_listing[91]   4.7829405 0.61216530 3.7975643 5.7521771 1.0020664  6905.3857
a_listing[92]   4.1641191 0.62624579 3.1648237 5.1949187 1.0008880  6347.1182
a_listing[93]   4.6025305 0.17188532 4.3221616 4.8765914 1.0010888  3106.5577
a_listing[94]   4.7690729 0.26411875 4.3523351 5.1851792 1.0025226  8506.7082
a_listing[95]   4.4729571 0.15416165 4.2241524 4.7133593 1.0014014  1903.5609
a_listing[96]   4.5869615 0.14092672 4.3583641 4.8160977 1.0052847  1256.3216
a_listing[97]   4.4736068 0.62621580 3.4780593 5.4685972 1.0002067  6890.5585
a_listing[98]   4.4580694 0.14597822 4.2233261 4.6911803 1.0047838  1336.7739
a_listing[99]   4.6137813 0.74174199 3.4123240 5.8085153 1.0009437  6476.2995
a_listing[100]  4.8375770 0.55274972 3.9497989 5.7028731 1.0010854  8014.2574
a_listing[101]  4.3745856 0.56356565 3.4956865 5.2606553 1.0007560  8792.6627
a_listing[102]  4.5742288 0.13100648 4.3677870 4.7850210 1.0055792   907.9883
a_listing[103]  2.9348660 0.62289692 1.9239113 3.9289599 1.0019491  7979.8437
a_listing[104]  4.2091624 0.14980167 3.9666312 4.4440745 1.0013419  1987.8568
a_listing[105]  4.7855980 0.22198085 4.4337685 5.1409559 1.0006436  5463.2094
a_listing[106]  4.3158488 0.10687865 4.1447717 4.4864561 1.0184759   297.0937
a_listing[107]  4.3076284 0.11729003 4.1192287 4.4987797 1.0131341   446.1534
a_listing[108]  4.7898639 0.60128970 3.8190425 5.7606852 1.0023605  7695.5922
a_listing[109]  4.6192781 0.74489333 3.4166510 5.7984424 0.9997773  7326.2931
a_listing[110]  4.7841830 0.33772741 4.2464336 5.3192723 0.9995510  7150.7191
a_listing[111]  4.8068281 0.24788392 4.4082673 5.2006496 1.0002739  6431.1419
a_listing[112]  4.7761391 0.26986179 4.3433997 5.2064380 1.0003322  6590.7045
a_listing[113]  4.3994271 0.11425748 4.2167412 4.5802013 1.0199355   310.7916
a_listing[114]  4.4752353 0.42766601 3.7868545 5.1703888 1.0020815  6645.6154
a_listing[115]  4.8865172 0.37433029 4.2934875 5.4819929 1.0010459  9512.7008
a_listing[116]  4.7820777 0.36230731 4.2040176 5.3612310 1.0022516 10196.7319
a_listing[117]  4.2726626 0.14628729 4.0355855 4.5056670 1.0034904  1832.0441
a_listing[118]  4.6107252 0.75167455 3.3775587 5.8446977 1.0013700  7513.3718
a_listing[119]  4.6002550 0.76708355 3.3861277 5.8162180 1.0012417  7778.0702
a_listing[120]  3.9217636 0.41252512 3.2580180 4.5718148 1.0016416  7744.2116
a_listing[121]  4.3472115 0.37130787 3.7622521 4.9355885 1.0013340  7716.4468
a_listing[122]  4.7922321 0.30786724 4.3015436 5.2839208 1.0001553  6846.5136
a_listing[123]  4.6208623 0.18620311 4.3246789 4.9167312 1.0010607  3625.9378
a_listing[124]  4.7753330 0.63072610 3.7850418 5.7776116 1.0018967  7082.2429
a_listing[125]  4.7685309 0.25613091 4.3566900 5.1777636 0.9994590  9118.9455
a_listing[126]  4.4970606 0.15274837 4.2495395 4.7438256 1.0021735  2132.6561
a_listing[127]  2.8439353 0.74565583 1.6576107 4.0272336 1.0023715  6288.4072
a_listing[128]  4.3787965 0.16635264 4.1139506 4.6500465 1.0012409  2928.2326
a_listing[129]  4.7803754 0.60179305 3.7984593 5.7337116 1.0013183  7361.4547
a_listing[130]  4.5716517 0.17458019 4.2928337 4.8508531 1.0019163  3548.8029
a_listing[131]  4.2786264 0.10664278 4.1098674 4.4496404 1.0144995   387.6532
a_listing[132]  4.4138468 0.25712541 4.0013408 4.8187040 1.0025647  5634.0507
a_listing[133]  4.6072222 0.53736808 3.7464270 5.4630193 1.0016076  8298.3603
a_listing[134]  2.8589370 0.75616054 1.6747748 4.0773313 1.0029786  6108.9524
a_listing[135]  4.0580085 0.11606963 3.8765341 4.2388044 1.0109696   544.1177
a_listing[136]  4.8968301 0.38658150 4.2820439 5.5103704 1.0008283  7971.4404
a_listing[137]  4.7872760 0.60883664 3.8316118 5.7635859 1.0012830  7828.8070
a_listing[138]  4.2576858 0.12740175 4.0596905 4.4615389 1.0059761   848.4291
a_listing[139]  4.4076148 0.30470707 3.9223065 4.8961307 1.0015487  5851.5366
a_listing[140]  4.6717340 0.22837495 4.3032332 5.0308739 1.0012285  7465.8341
a_listing[141]  4.6112036 0.55443645 3.7071865 5.4986090 1.0003344  7663.4249
a_listing[142]  4.4960052 0.23451516 4.1239293 4.8558543 1.0020088  6477.2466
a_listing[143]  4.5643743 0.46450199 3.8216893 5.2908933 1.0009650  8318.7035
a_listing[144]  4.5182905 0.18882902 4.2192563 4.8187477 1.0009478  3897.2763
a_listing[145]  3.7358728 0.49222721 2.9542709 4.5066157 1.0039983  7223.6015
a_listing[146]  4.5621125 0.44544697 3.8493349 5.2702762 1.0004725  8241.6560
a_listing[147]  4.6248904 0.74635912 3.4096452 5.7814258 1.0031988  7110.2923
a_listing[148]  4.1836912 0.75017841 3.0014434 5.3826035 1.0001745  6138.0021
a_listing[149]  4.6247958 0.73190213 3.4447371 5.7796440 1.0006550  7567.1937
a_listing[150]  4.1305646 0.31760275 3.6090972 4.6383133 1.0006751  7460.1699
a_listing[151]  4.4645143 0.18380993 4.1723063 4.7660554 1.0022472  3315.0460
a_listing[152]  4.6251542 0.22770300 4.2668953 4.9890504 1.0002319  7462.8935
a_listing[153]  3.2887552 0.74956525 2.1016548 4.4970796 1.0014391  7242.3950
a_listing[154]  4.6941869 0.21142349 4.3555575 5.0302827 1.0006209  6863.9879
a_listing[155]  3.8567721 0.63154568 2.8604417 4.8576647 1.0007250  5806.2638
a_listing[156]  4.7272136 0.43867910 4.0294424 5.4181312 0.9999547  7166.6041
a_listing[157]  4.4819117 0.62008664 3.4847703 5.4604377 1.0022298  7339.0082
a_listing[158]  4.7497052 0.43196423 4.0533351 5.4522372 1.0024795  9340.2464
a_listing[159]  4.5543762 0.26324701 4.1278934 4.9700372 0.9998694  8054.2280
a_listing[160]  4.2776609 0.13622724 4.0530617 4.4960418 1.0082165  1090.0263
a_listing[161]  4.6336433 0.16018055 4.3794334 4.8928859 1.0036598  1954.8516
a_listing[162]  4.4148839 0.18305419 4.1238084 4.7038460 1.0005751  4322.7694
a_listing[163]  4.6101974 0.77066240 3.3887262 5.8932684 1.0016008  7255.5734
a_listing[164]  4.6136306 0.75531622 3.4177861 5.7969862 0.9997759  7455.7103
a_listing[165]  4.3799601 0.53673665 3.5506289 5.2446701 0.9995675  8715.7907
a_listing[166]  3.7958392 0.41404834 3.1371446 4.4603483 1.0008247  7425.1449
a_listing[167]  4.0344267 0.16972770 3.7573495 4.2990504 1.0010675  4428.4645
a_listing[168]  3.2127010 0.54218577 2.3665505 4.0972487 1.0004330  8455.5678
a_listing[169]  4.6432893 0.75885071 3.4196815 5.8724158 1.0001021  7168.6977
a_listing[170]  4.5692643 0.44663447 3.8587994 5.2702488 1.0004377  7959.6803
a_listing[171]  4.3177093 0.12713267 4.1127515 4.5163982 1.0066846   735.3513
a_listing[172]  3.7283560 0.72206817 2.5360857 4.8813657 1.0013032  7248.7687
a_listing[173]  2.8546627 0.76764957 1.6415184 4.0761524 1.0007908  6953.1976
a_listing[174]  3.7447466 0.73901872 2.5606281 4.9307958 1.0052399  6692.2595
a_listing[175]  2.8474079 0.75062806 1.6378181 4.0439379 1.0006007  7891.4369
a_listing[176]  4.1661259 0.74634853 2.9834632 5.3388208 1.0015462  8996.5490
a_listing[177]  4.7489669 0.23665597 4.3831442 5.1232906 1.0025941  7700.0725
a_listing[178]  4.1755046 0.76251525 2.9583923 5.3852871 0.9999115  9282.4440
a_listing[179]  2.8615371 0.72664300 1.7085540 4.0192411 1.0009778  8580.8429
a_listing[180]  4.1587834 0.74912811 2.9750487 5.3461363 1.0006563  7038.3818
a_listing[181]  3.2785479 0.73488907 2.1020527 4.4633266 1.0001288  7226.6177
a_listing[182]  4.7788861 0.61106181 3.8025432 5.7575627 0.9999844  7649.5446
a_listing[183]  4.4164043 0.21135586 4.0756403 4.7525245 1.0018256  4653.6550
a_listing[184]  4.8679451 0.31807939 4.3562080 5.3797400 1.0034477  7665.2093
a_listing[185]  4.4122720 0.15010808 4.1733969 4.6522640 1.0031646  2679.2007
a_listing[186]  4.1765764 0.76512755 2.9514806 5.3887315 1.0027141  8197.0728
a_listing[187]  4.6293613 0.75387635 3.4337958 5.8071869 1.0002404  7420.0616
a_listing[188]  4.6089399 0.73296120 3.4326181 5.7747266 1.0022695  7302.8105
a_listing[189]  4.8608593 0.31073790 4.3760751 5.3681362 1.0015721  8202.2743
a_listing[190]  4.7763545 0.62238960 3.7833900 5.7786335 1.0035803  7436.4958
a_listing[191]  4.6067888 0.16557812 4.3451393 4.8633865 1.0028090  3156.3072
a_listing[192]  4.7842520 0.29699592 4.3211994 5.2552890 1.0016098  7059.8014
a_listing[193]  4.7030047 0.19283520 4.3988679 5.0051227 1.0005941  5532.2436
a_listing[194]  4.8895842 0.45819470 4.1460157 5.6303990 0.9998503  7457.1278
a_listing[195]  4.6172413 0.55570292 3.7081641 5.5051588 1.0006113  8453.2355
a_listing[196]  4.5379450 0.27691592 4.0877625 4.9924135 1.0018619  7414.2819
a_listing[197]  4.6179149 0.71515151 3.4559609 5.7672453 1.0009580  8045.4288
a_listing[198]  4.7324650 0.45331550 4.0193873 5.4499573 1.0019733  6940.5847
a_listing[199]  4.6379460 0.39158318 4.0070693 5.2798170 1.0015515  7563.7020
a_listing[200]  4.5099722 0.29618593 4.0401887 4.9860420 1.0013303  6889.4099
a_listing[201]  3.9222550 0.49491105 3.1458840 4.7012382 1.0007260  6994.0942
a_listing[202]  4.6230777 0.22793197 4.2545519 4.9882220 1.0002103  6895.3495
a_listing[203]  4.7963436 0.62391443 3.7750516 5.8023230 1.0017015  7580.5424
a_listing[204]  4.4848962 0.41372534 3.8371929 5.1259564 1.0025997  8295.5453
a_listing[205]  4.6245446 0.75046926 3.4008302 5.8117320 1.0016619  6923.8623
a_listing[206]  4.6156932 0.74183360 3.4259711 5.7709507 1.0041803  7471.8138
a_listing[207]  4.8324195 0.52465772 3.9972074 5.6631565 1.0013894  7676.9943
a_listing[208]  4.7145434 0.19543684 4.3990450 5.0345617 0.9996176  5862.8179
a_listing[209]  4.8224945 0.25796786 4.4087510 5.2393240 1.0032544  7475.9986
a_listing[210]  4.6244120 0.74859104 3.4384837 5.8406880 1.0015637  6768.9055
a_listing[211]  4.7793474 0.27722330 4.3392268 5.2182314 1.0021549  7575.6039
a_listing[212]  4.3689419 0.29571438 3.9046142 4.8467780 1.0057034  6652.5023
a_listing[213]  4.0919851 0.13205109 3.8827317 4.3013184 1.0045880  1103.4745
a_listing[214]  4.1876740 0.72259369 3.0300840 5.3227687 1.0003085  7671.7855
a_listing[215]  4.8504805 0.54880100 3.9730113 5.7112358 1.0014154  7746.3363
a_listing[216]  3.7837469 0.26431128 3.3637103 4.2011650 1.0009387  6937.2637
a_listing[217]  4.6239328 0.75852123 3.4048645 5.8204051 1.0038695  7734.8978
a_listing[218]  3.6819429 0.22242038 3.3207685 4.0330344 1.0018479  6381.0802
a_listing[219]  4.6221663 0.72745726 3.4790723 5.7682667 1.0003320  7483.3228
a_listing[220]  3.1998484 0.53708497 2.3275577 4.0597895 1.0002584  8535.9872
a_listing[221]  4.4022295 0.38472934 3.7840328 4.9999139 1.0007190  6658.1206
a_listing[222]  4.1942845 0.16202873 3.9311300 4.4524796 1.0026716  2410.0833
a_listing[223]  4.1859105 0.76794636 2.9617803 5.4152536 1.0011596  7476.0528
a_listing[224]  4.6101911 0.74941844 3.4245727 5.7968520 1.0022653  7833.4489
a_listing[225]  4.8308864 0.26241747 4.4103851 5.2575584 1.0012858  6164.1595
a_listing[226]  4.4764434 0.29841940 3.9927902 4.9536890 1.0019279  6872.2159
a_listing[227]  3.9184290 0.48235617 3.1545229 4.6829314 1.0018710  7913.2968
a_listing[228]  4.3669807 0.11884369 4.1760165 4.5558925 1.0094847   609.0965
a_listing[229]  4.6143019 0.41862675 3.9523318 5.2978245 1.0009036  6586.4787
a_listing[230]  4.6269855 0.31857302 4.1161736 5.1495786 1.0025538  7653.5488
a_listing[231]  3.8832322 0.11570356 3.7053067 4.0723145 1.0087574   590.8146
a_listing[232]  4.0845259 0.18970448 3.7783407 4.3922618 1.0012439  3574.5953
a_listing[233]  4.5799796 0.24421381 4.1913884 4.9612502 1.0037852  7195.3879
a_listing[234]  4.7700239 0.39302535 4.1328109 5.4008736 1.0004210  7787.8577
a_listing[235]  4.1787454 0.75861964 2.9662172 5.3960389 0.9999131  8488.6789
a_listing[236]  4.6162577 0.33515087 4.0775583 5.1524310 1.0013896  7119.7746
a_listing[237]  4.8802521 0.45119363 4.1599676 5.6123664 1.0010046  8704.8599
a_listing[238]  4.7715904 0.20846412 4.4445687 5.1074888 1.0031969  6044.5377
a_listing[239]  4.6052411 0.74577693 3.4035814 5.7762020 1.0016680  8730.5411
a_listing[240]  4.7778340 0.36235154 4.1894545 5.3535563 0.9994974  7201.5595
a_listing[241]  4.4916869 0.18371862 4.2006601 4.7880669 1.0020463  3176.4485
a_listing[242]  4.8907470 0.44354988 4.1834439 5.5894039 1.0016870  6772.6685
a_listing[243]  4.3684176 0.54370520 3.5050242 5.2251958 1.0006207  6734.8890
a_listing[244]  4.6370278 0.73454084 3.4608240 5.8128887 1.0004709  6759.3144
a_listing[245]  4.7845595 0.62624987 3.7991348 5.7580059 1.0005311  7181.3237
a_listing[246]  4.4465029 0.15906054 4.1954321 4.6969190 1.0003182  2998.4513
a_listing[247]  4.8851232 0.36759696 4.2917671 5.4812284 1.0014785  6920.8226
a_listing[248]  4.8734495 0.47974624 4.1062933 5.6538641 1.0028385  7500.1181
a_listing[249]  4.4211037 0.24419897 4.0263151 4.8144904 1.0009600  6722.2771
a_listing[250]  4.6028767 0.27487408 4.1644840 5.0445241 1.0002828  7279.8906
a_listing[251]  4.8720488 0.31598096 4.3631658 5.3603279 1.0029158  7103.1435
a_listing[252]  4.8751684 0.49600921 4.0836125 5.6723843 0.9999966  6477.1950
a_listing[253]  3.8580881 0.61409010 2.8872967 4.8536238 1.0009402  6419.7265
a_listing[254]  4.1864668 0.74606413 3.0052022 5.3402764 1.0018196  9181.5418
a_listing[255]  2.2614689 0.56074537 1.3581240 3.1576940 1.0018830  7262.7483
a_listing[256]  4.8837782 0.36248841 4.3023839 5.4540169 0.9996053  6570.1868
a_listing[257]  4.4781518 0.24012546 4.1024908 4.8669387 1.0024287  7425.8449
a_listing[258]  4.6051142 0.55056973 3.7408434 5.4513908 1.0010879  8583.6501
a_listing[259]  4.7868925 0.63749801 3.7626939 5.8158275 1.0006691  5766.9571
a_listing[260]  4.6139609 0.71329570 3.4573379 5.7397422 1.0002518  6438.7245
a_listing[261]  4.8624581 0.32973365 4.3348827 5.3806021 1.0023214  8210.0915
a_listing[262]  4.2897273 0.29569855 3.8153339 4.7666221 1.0005971  7382.5589
a_listing[263]  4.6007898 0.16850052 4.3348043 4.8695768 1.0015303  3065.1596
a_listing[264]  4.5942371 0.17140416 4.3195481 4.8670778 1.0033984  4152.1784
a_listing[265]  4.7834439 0.33290457 4.2503736 5.3158006 1.0015882  8581.3226
a_listing[266]  4.5650989 0.30133235 4.0861882 5.0382651 1.0012237  6448.3004
a_listing[267]  4.6089480 0.74318824 3.4504557 5.7929797 1.0021121  6918.5555
a_listing[268]  4.8796989 0.48297158 4.1128417 5.6586132 1.0006208  8410.1184
a_listing[269]  4.6220061 0.40992235 3.9749789 5.2796512 1.0026613  7905.9339
a_listing[270]  3.2341120 0.61826747 2.2631479 4.2105269 1.0017779  6677.9751
a_listing[271]  4.0271024 0.30824773 3.5379352 4.5238753 1.0005351  6755.8940
a_listing[272]  3.8983852 0.53996999 3.0260986 4.7559527 1.0012365  7599.4243
a_listing[273]  3.8540505 0.63440644 2.8614578 4.8675194 1.0020653  6358.6235
a_listing[274]  4.7208901 0.27357694 4.2881289 5.1551393 0.9998594  7351.6725
a_listing[275]  4.8510887 0.55363084 3.9794800 5.7367962 1.0032670  8014.8342
a_listing[276]  4.6850999 0.19416524 4.3775915 5.0034995 1.0022178  3688.3704
a_listing[277]  4.7682758 0.20881784 4.4425368 5.0996046 1.0028989  4229.0579
a_listing[278]  3.4366853 0.53680245 2.5768329 4.3110942 0.9998979  7489.2988
a_listing[279]  3.5512183 0.63137713 2.5632160 4.5714134 1.0004217  6567.9447
a_listing[280]  4.1707891 0.73837850 2.9884788 5.3570187 1.0005930  6641.2598
a_listing[281]  4.2638389 0.10660228 4.0964506 4.4395321 1.0241964   224.6633
a_listing[282]  4.0791344 0.33793866 3.5418191 4.6166332 0.9997228  6648.5891
a_listing[283]  3.7309480 0.74867708 2.5721908 4.9026858 1.0017028  7907.7849
a_listing[284]  4.4059645 0.45516011 3.6968104 5.1393149 1.0027313  7348.8736
a_listing[285]  3.8890082 0.10788255 3.7189221 4.0655334 1.0296176   211.8394
a_listing[286]  4.7733555 0.40393867 4.1323734 5.4236831 1.0016417 10422.2514
a_listing[287]  4.7727370 0.39927475 4.1313461 5.4044839 1.0023290  7392.6576
a_listing[288]  4.0086783 0.21618750 3.6599042 4.3599621 1.0006357  4952.9849
a_listing[289]  4.6187701 0.75255004 3.4216676 5.8172828 1.0015738  7891.2831
a_listing[290]  4.6162053 0.19345199 4.3111209 4.9248124 1.0012240  4308.6234
a_listing[291]  4.1250396 0.29589581 3.6600942 4.5991195 1.0002572  7667.3049
a_listing[292]  4.4975322 0.49230188 3.7070304 5.2804594 1.0042259  7388.2151
a_listing[293]  4.2544791 0.20397306 3.9304222 4.5748460 1.0009092  4826.6861
a_listing[294]  4.3645220 0.29412833 3.8958675 4.8408547 1.0008800  8456.2047
a_listing[295]  4.1397569 0.54648462 3.2690277 4.9819042 1.0051081  7236.9829
a_listing[296]  2.8622200 0.74217367 1.6541818 4.0464210 1.0020830  7686.8266
a_listing[297]  4.3152374 0.27659191 3.8824682 4.7631391 1.0079123  7002.4052
a_listing[298]  4.3060869 0.48255257 3.5214621 5.0825807 1.0001958  8056.7584
a_listing[299]  4.6113176 0.74398191 3.4065528 5.7930916 1.0014019  7682.3713
a_listing[300]  4.7804945 0.63379539 3.7676518 5.8133340 1.0000770  5964.8657
a_listing[301]  4.0264231 0.13699559 3.8083965 4.2490706 1.0031972  1226.5760
a_listing[302]  4.6566667 0.19923010 4.3370764 4.9658740 1.0004617  4735.9211
a_listing[303]  4.3730324 0.52471305 3.5501505 5.2294693 1.0006445  7602.5883
a_listing[304]  4.7822480 0.61822423 3.8134132 5.7719471 1.0008570  6895.3503
a_listing[305]  4.8719893 0.49001591 4.0909206 5.6630304 1.0000275  7856.6573
a_listing[306]  4.3037481 0.48416413 3.5504287 5.0850149 1.0044118  7061.5555
a_listing[307]  4.4908739 0.35701010 3.9247558 5.0577826 0.9999391  6911.1070
a_listing[308]  4.6048870 0.74801459 3.4374130 5.8155734 1.0028554  8317.7550
a_listing[309]  4.1713472 0.73888489 2.9619136 5.3408347 1.0022941  6791.5348
a_listing[310]  4.1523074 0.29321900 3.6856798 4.6067001 1.0040562  7281.1276
a_listing[311]  3.6085497 0.46925431 2.8630515 4.3651441 1.0026582  9598.7557
a_listing[312]  4.1704531 0.73880517 2.9686596 5.3510082 1.0025541  7080.2662
a_listing[313]  4.7841329 0.60181454 3.8244708 5.7653996 1.0007431  7347.9789
a_listing[314]  4.7849860 0.61833630 3.7933796 5.7731280 1.0032462  6452.7612
a_listing[315]  4.6700077 0.16374308 4.4052321 4.9347576 1.0018494  3068.4406
a_listing[316]  4.7895389 0.28734649 4.3344247 5.2410581 1.0019556  8800.5081
a_listing[317]  4.6882760 0.47615546 3.9289316 5.4447312 1.0002213  7212.0600
a_listing[318]  4.6696534 0.22076297 4.3126665 5.0291815 1.0036433  6509.1816
a_listing[319]  4.8635095 0.31607134 4.3639956 5.3654793 1.0015261  8238.3234
a_listing[320]  4.2446111 0.45730055 3.5239136 4.9641140 1.0003048  6799.1000
a_listing[321]  4.5658670 0.20315011 4.2359371 4.8931123 1.0014838  6226.7809
a_listing[322]  4.5888494 0.14851469 4.3445773 4.8240715 1.0014504  1769.9419
a_listing[323]  4.1689750 0.61060744 3.2035694 5.1663996 1.0054799  7111.1545
a_listing[324]  2.3281918 0.61820443 1.3102132 3.3181474 1.0005741  7694.1278
a_listing[325]  4.7186924 0.23185230 4.3411942 5.0932980 1.0033217  7365.3568
a_listing[326]  3.8644632 0.60160556 2.8762086 4.8353416 0.9994927  6950.3561
a_listing[327]  3.2928301 0.72674565 2.1410037 4.4526274 1.0010790  6373.4409
a_listing[328]  3.5582469 0.61677707 2.5493586 4.5508682 1.0001396  7798.8438
a_listing[329]  2.7300227 0.54713291 1.8734394 3.5974495 1.0017422  8110.7406
a_listing[330]  3.9852674 0.22226857 3.6326873 4.3403412 1.0010032  6936.0781
a_listing[331]  4.1290682 0.22924166 3.7701703 4.5000295 1.0017381  5824.2311
a_listing[332]  4.3571996 0.27958777 3.9096781 4.8031949 1.0004872  7008.7339
a_listing[333]  4.1749501 0.72523809 3.0205645 5.3391227 1.0009988  8951.8159
a_listing[334]  3.2548560 0.63076921 2.2223555 4.2471235 1.0032201  6572.3334
a_listing[335]  2.9720613 0.52511189 2.1452193 3.8073815 1.0019442  6177.1941
a_listing[336]  2.9620092 0.54428580 2.0841910 3.8375599 1.0023382  7550.0164
a_listing[337]  3.6615706 0.53379714 2.7936763 4.5066564 0.9996530  7325.4042
a_listing[338]  4.1385218 0.37044144 3.5456776 4.7283650 1.0013883  7567.1894
a_listing[339]  4.1622794 0.61259567 3.1647750 5.1258277 1.0000397  7534.5317
a_listing[340]  4.8828780 0.40857224 4.2315008 5.5358877 0.9999979  7172.7993
a_listing[341]  3.9177817 0.54619000 3.0182051 4.7853151 1.0018032  7761.6382
a_listing[342]  4.6208248 0.42400467 3.9321280 5.3040264 1.0009283  7574.4889
a_listing[343]  4.3500957 0.23343586 3.9759205 4.7209006 1.0015831  8190.9507
a_listing[344]  4.0511083 0.31790284 3.5307338 4.5582095 1.0022681  8907.0536
a_listing[345]  4.7772290 0.36141946 4.1970208 5.3501311 1.0042748  7557.6588
a_listing[346]  4.8459347 0.55194366 3.9667433 5.7320304 1.0023607  8023.4022
a_listing[347]  4.7789506 0.36784721 4.2077075 5.3768101 0.9996843  7269.1637
a_listing[348]  4.6151400 0.53330629 3.7682760 5.4640407 1.0008727  6657.2540
a_listing[349]  4.7884538 0.35242260 4.2349608 5.3590369 1.0018483  7648.8691
a_listing[350]  4.5384692 0.32936488 4.0068435 5.0614198 1.0003456  6631.2256
a_listing[351]  4.8452916 0.55711374 3.9538726 5.7380446 1.0023132  7165.2781
a_listing[352]  4.8481929 0.55913892 3.9468814 5.7544662 1.0010403  8323.2228
a_listing[353]  4.6373120 0.72666188 3.4451208 5.8014446 1.0007622  7884.1289
a_listing[354]  4.8685422 0.47475002 4.1114321 5.6170348 1.0016338  6626.0708
a_listing[355]  4.6382609 0.16459098 4.3724269 4.9039686 1.0040953  2155.4382
a_listing[356]  4.3804633 0.12383305 4.1830438 4.5766609 1.0060711   855.9461
a_listing[357]  4.4721545 0.61841407 3.4905452 5.4643487 1.0015455  6675.1032
a_listing[358]  4.5688551 0.44929753 3.8460221 5.2906620 1.0027924  7335.7214
a_listing[359]  3.7261662 0.32486233 3.2035495 4.2438487 1.0017691  6998.1289
a_listing[360]  4.7277250 0.20277572 4.4030370 5.0499262 1.0018912  5361.9085
a_listing[361]  4.4910919 0.63653752 3.4804469 5.5361001 1.0034005  8120.7012
a_listing[362]  4.5061829 0.35074275 3.9347718 5.0573755 0.9998444  8535.7507
a_listing[363]  4.5240846 0.38530299 3.9222376 5.1559333 0.9999886  6795.4018
a_listing[364]  4.8968394 0.45695849 4.1631925 5.6164114 1.0021116  9146.6218
a_listing[365]  4.5627862 0.20619090 4.2369385 4.8930146 0.9999025  6716.7907
a_listing[366]  4.0719523 0.17824715 3.7953824 4.3570783 1.0017032  3798.3091
a_listing[367]  4.6075614 0.53299117 3.7528260 5.4517511 1.0000861  7602.0908
a_listing[368]  4.8924247 0.38335294 4.2785753 5.5007063 1.0013150  7816.8451
a_listing[369]  4.7713007 0.62992667 3.7801689 5.7799918 1.0028964  9095.4867
a_listing[370]  4.8004110 0.62131279 3.8000883 5.7956417 1.0004242  7548.6407
a_listing[371]  4.4424610 0.12795397 4.2370138 4.6426396 1.0071793   898.1721
a_listing[372]  4.7322330 0.45097248 4.0254898 5.4644336 1.0015690  7793.2819
a_listing[373]  4.5620886 0.30844165 4.0671883 5.0558276 1.0010557  7096.7805
a_listing[374]  4.2569831 0.15485725 4.0031444 4.5035358 1.0042553  2420.4066
a_listing[375]  4.1806718 0.15450936 3.9368871 4.4272753 1.0033670  2047.3224
a_listing[376]  3.7287610 0.48264664 2.9734410 4.4906024 1.0030745  8316.2913
a_listing[377]  4.7689890 0.25992567 4.3498753 5.1881716 1.0019293  6236.4034
a_listing[378]  4.2904300 0.10697128 4.1197367 4.4614904 1.0266437   211.1559
a_listing[379]  4.3027366 0.23206297 3.9311773 4.6790656 1.0021796  7815.6291
a_listing[380]  4.6289066 0.23755207 4.2540927 5.0056657 1.0002585  7506.6937
a_listing[381]  4.3021493 0.10462551 4.1361841 4.4688124 1.0258268   230.8135
a_listing[382]  4.8427642 0.55693028 3.9488469 5.7481461 1.0024410  7516.4673
a_listing[383]  4.2539468 0.33423643 3.7108880 4.8014570 1.0004218  8931.8670
a_listing[384]  4.6488491 0.29895455 4.1730041 5.1210794 1.0004860  8379.1253
a_listing[385]  3.8569287 0.61377577 2.8639773 4.8377435 1.0019033  7390.4556
a_listing[386]  3.2534119 0.60733022 2.2883964 4.2208189 1.0022760  6954.9755
a_listing[387]  3.2757753 0.33561250 2.7280190 3.8175295 1.0010029  7098.6055
a_listing[388]  4.6875864 0.47926203 3.9194138 5.4354181 1.0011774  6778.9477
a_listing[389]  4.6840484 0.48484876 3.9126621 5.4797108 1.0008656  7106.3835
a_listing[390]  4.3543771 0.27107511 3.9148245 4.7809627 1.0035599  7051.3712
a_listing[391]  4.7144933 0.24519881 4.3234172 5.1120601 1.0003113  6580.9635
a_listing[392]  4.3749137 0.21427509 4.0302021 4.7228299 1.0008100  5896.8387
a_listing[393]  4.8505375 0.54279102 4.0095298 5.7228083 1.0012914  6952.7142
a_listing[394]  4.4292730 0.33139021 3.9147343 4.9581429 1.0008973  9956.0051
a_listing[395]  3.9109419 0.35538565 3.3478463 4.4882693 1.0021116  7203.8733
a_listing[396]  4.1786434 0.75267485 2.9641997 5.3973257 1.0003774  7350.8045
a_listing[397]  4.3938075 0.20696144 4.0594326 4.7209800 1.0014803  4768.5277
a_listing[398]  4.8793743 0.41618823 4.2269565 5.5440531 1.0004738  8050.4537
a_listing[399]  4.4881420 0.62753749 3.4807891 5.4817519 1.0003563  6838.5284
a_listing[400]  4.4772138 0.63187139 3.4727604 5.4860485 1.0011116  7635.7884
a_listing[401]  4.5153842 0.17586613 4.2357209 4.7941147 1.0017425  3457.8843
a_listing[402]  4.3027726 0.47557540 3.5678233 5.0660469 1.0050853  7635.6022
a_listing[403]  4.6023391 0.76801490 3.3703475 5.8557158 1.0008825  8173.7882
a_listing[404]  4.8902036 0.42392042 4.2165014 5.5742113 1.0007956  8638.5379
a_listing[405]  4.7931062 0.60769056 3.8368654 5.7660032 1.0003796  6965.5333
a_listing[406]  2.8346491 0.75861173 1.6617361 4.0542875 1.0049405  6475.8325
a_listing[407]  4.6685374 0.23631954 4.2993608 5.0464393 1.0012845  8085.1136
a_listing[408]  4.6508821 0.29711915 4.1832438 5.1239903 1.0018129  7631.4586
a_listing[409]  4.6342818 0.38235947 4.0263163 5.2394736 1.0010731  6736.1086
a_listing[410]  4.4932426 0.24278973 4.1108110 4.8769936 1.0006296  7805.8701
a_listing[411]  4.3218116 0.27327424 3.8948514 4.7468049 1.0024844  7464.4086
a_listing[412]  4.1486558 0.22571386 3.7814661 4.5040180 1.0009570  5676.9163
a_listing[413]  4.8884217 0.39422010 4.2620122 5.5191619 1.0035102  7004.2589
a_listing[414]  4.7664063 0.39196010 4.1326725 5.3986642 1.0032253  6972.7637
a_listing[415]  4.3068286 0.48303264 3.5330702 5.0799457 1.0016608  6888.7805
a_listing[416]  3.7350215 0.75794698 2.4918331 4.9618857 1.0023933  9156.7601
a_listing[417]  3.9997545 0.19280203 3.6905965 4.2990457 1.0005037  4831.8392
a_listing[418]  4.6739294 0.19473679 4.3534808 4.9820676 1.0012836  4882.3109
a_listing[419]  4.3168213 0.27587633 3.8758208 4.7622556 1.0017053  7899.1207
a_listing[420]  4.8731347 0.47170111 4.1146512 5.6283413 0.9996188  5862.6827
a_listing[421]  4.4047776 0.17866848 4.1156955 4.6945519 1.0019240  3385.2320
a_listing[422]  4.6245026 0.31802492 4.1180042 5.1397967 1.0005052  7706.4443
a_listing[423]  4.5687269 0.36945944 3.9845505 5.1493679 1.0014989  6709.5947
a_listing[424]  4.1324236 0.36519227 3.5442107 4.7138936 1.0010031  7878.9228
a_listing[425]  4.4752837 0.61900099 3.4881569 5.4577822 1.0013447  7139.9830
a_listing[426]  4.8505137 0.28181326 4.3934380 5.2934666 1.0044102  5771.8388
a_listing[427]  4.4411523 0.22531278 4.0799863 4.7967368 1.0009411  6814.8061
a_listing[428]  4.4901524 0.60989542 3.5154323 5.4849404 1.0012395  7233.1071
a_listing[429]  4.4849323 0.40831227 3.8328629 5.1390148 1.0013130  7582.0419
a_listing[430]  4.5015253 0.20355736 4.1787540 4.8278719 1.0013462  5786.0051
a_listing[431]  4.5327146 0.14282876 4.3040395 4.7642303 1.0030940  1571.9154
a_listing[432]  4.3159877 0.18940840 4.0049245 4.6218666 1.0006465  5002.2346
a_listing[433]  4.5429789 0.15697909 4.2976388 4.7969545 1.0028713  1913.3098
a_listing[434]  4.3039775 0.23221713 3.9191017 4.6798620 1.0002962  6809.4240
a_listing[435]  4.8866396 0.41849905 4.2240872 5.5439727 1.0021290  7970.9076
a_listing[436]  4.4740906 0.42709969 3.7983822 5.1777533 1.0008283  7686.4085
a_listing[437]  4.4496379 0.15994579 4.1939531 4.7079951 1.0011767  2428.7543
a_listing[438]  3.2853036 0.72913163 2.1330337 4.4263978 1.0032725  7405.7335
a_listing[439]  4.4631887 0.61012055 3.4956357 5.4213908 0.9997373  6702.4635
a_listing[440]  4.7042004 0.31641044 4.2072177 5.2016610 1.0007929  7031.8600
a_listing[441]  4.7737601 0.39188585 4.1390390 5.4046686 1.0046524  9800.9373
a_listing[442]  4.6740214 0.22899271 4.3047606 5.0435781 1.0007923  5366.4389
a_listing[443]  4.4807935 0.62607622 3.4869296 5.4782575 1.0005153  8299.2605
a_listing[444]  4.3840725 0.35218489 3.8407371 4.9594159 1.0030031  8312.9067
a_listing[445]  4.1220662 0.48821603 3.3422864 4.9009121 1.0000726  7441.0078
a_listing[446]  3.7384319 0.74274952 2.5347569 4.9130828 1.0015364  7593.8645
a_listing[447]  4.5626376 0.45107679 3.8546435 5.2882312 1.0026677  6300.8423
a_listing[448]  4.6079764 0.73702136 3.4169029 5.7907327 1.0031683  6935.4495
a_listing[449]  4.6152174 0.73017009 3.4541895 5.7801808 1.0026437  6973.2283
a_listing[450]  3.7296311 0.73871809 2.5422619 4.9145272 1.0015155  6629.3811
a_listing[451]  4.1659868 0.62248266 3.1810852 5.1729218 1.0015763  6495.3085
a_listing[452]  4.7760257 0.62299118 3.7814308 5.7658105 1.0018959  6947.5212
a_listing[453]  4.1745923 0.75623699 2.9608522 5.3995995 1.0024828  7965.1222
a_listing[454]  4.1571822 0.73751535 3.0099950 5.3162469 1.0015595  8082.7345
a_listing[455]  4.6179069 0.73726487 3.4368865 5.8051817 1.0010134  6859.4504
a_listing[456]  4.6138181 0.74870533 3.4174205 5.8415459 0.9999173  7838.4226
a_listing[457]  4.7915084 0.23235168 4.4213338 5.1649365 1.0011761  6997.0866
a_listing[458]  4.7140487 0.23675759 4.3367619 5.0907697 1.0022547  6678.2884
a_listing[459]  4.7195518 0.26491359 4.2922304 5.1513294 1.0016250  7746.4536
a_listing[460]  4.7735892 0.27773444 4.3284106 5.2247424 0.9997180  7410.7570
a_listing[461]  4.7809142 0.35346966 4.2206259 5.3510405 1.0024366  7868.7987
a_listing[462]  4.6330479 0.76678128 3.3993319 5.8591052 1.0004391  6345.9232
a_listing[463]  4.5241284 0.27959431 4.0817601 4.9662313 1.0005155  7318.8075
a_listing[464]  4.6186081 0.72431123 3.4742849 5.7513197 1.0001425  7302.0541
a_listing[465]  4.8494472 0.54314425 3.9775647 5.7112055 1.0039994  7727.2636
a_listing[466]  4.8698514 0.48833681 4.0820454 5.6527352 1.0021704  8101.0073
a_listing[467]  4.7910380 0.35055613 4.2191328 5.3500875 1.0013554  7370.6571
a_listing[468]  4.7812236 0.37449372 4.1782516 5.3583293 1.0007167  8780.3976
a_listing[469]  4.7822411 0.63928386 3.7561935 5.8009810 1.0004445  7104.9053
a_listing[470]  4.1285345 0.22501252 3.7689606 4.4785940 1.0051580  6502.1734
a_listing[471]  4.6187380 0.53897853 3.7579155 5.4780587 1.0009317  8480.9936
a_listing[472]  4.7467754 0.22651201 4.3832135 5.1090851 1.0008866  7022.1391
a_listing[473]  4.6035404 0.26490504 4.1754808 5.0299204 1.0071679  7426.8014
a_listing[474]  2.7814922 0.48276337 2.0240972 3.5570635 1.0019228  6919.4329
a_listing[475]  3.7705557 0.43111674 3.0602212 4.4400895 1.0016193  6886.6525
a_listing[476]  4.8531506 0.30501816 4.3573107 5.3391573 1.0006743  8521.1535
a_listing[477]  4.7160469 0.23713957 4.3388256 5.0889417 1.0001894  5413.1324
a_listing[478]  4.3330613 0.30935110 3.8413868 4.8239194 1.0008472  5758.7004
a_listing[479]  4.4536290 0.28392732 3.9935256 4.9064704 1.0012891  6472.5355
a_listing[480]  4.2867851 0.38229042 3.6558498 4.8929346 1.0017184  8245.9740
a_listing[481]  4.0796748 0.22276106 3.7238640 4.4388445 1.0000767  5870.6234
a_listing[482]  4.8426169 0.54677002 3.9565351 5.7298469 1.0003258  6889.2294
a_listing[483]  4.6342813 0.37866821 4.0330286 5.2468219 1.0013617  6798.3713
a_listing[484]  4.1835177 0.75512745 2.9678271 5.4006737 1.0016199  7928.9770
a_listing[485]  4.8890880 0.43746928 4.1949181 5.5893165 1.0018653  7212.3454
a_listing[486]  4.8901963 0.39229540 4.2380496 5.5061218 0.9999063  8371.8291
a_listing[487]  4.8896983 0.45370377 4.1683810 5.6108257 1.0006006  8642.4253
a_listing[488]  4.8655866 0.48819660 4.0702109 5.6249045 1.0014154  6918.7377
a_listing[489]  4.8701520 0.32445320 4.3529656 5.3819380 1.0014731  7134.0387
a_listing[490]  4.7854781 0.36065618 4.2079785 5.3618659 1.0017649  7329.9349
a_listing[491]  4.7826406 0.30549283 4.2961135 5.2675887 1.0018189  7092.5825
a_listing[492]  4.4531177 0.28585459 3.9981295 4.9129985 1.0002967  7102.4596
a_listing[493]  4.7513492 0.41811399 4.0697412 5.4194737 0.9996032  6404.3894
a_listing[494]  4.7654801 0.39488411 4.1411093 5.3947941 1.0015544  7667.3082
a_listing[495]  4.4119559 0.28145569 3.9706093 4.8659347 1.0006208  7136.7778
a_listing[496]  4.8661234 0.30715707 4.3746201 5.3484861 1.0017208  7200.3240
a_listing[497]  4.7879259 0.30420047 4.3014884 5.2830446 1.0011957  6765.7202
a_listing[498]  4.6076726 0.54773074 3.7160037 5.4805462 0.9999988  7172.9131
a_listing[499]  4.6211721 0.73948087 3.4314788 5.8060873 1.0002239  6648.3126
a_listing[500]  4.3528361 0.24078061 3.9700347 4.7275013 1.0012552  8217.5636
a_listing[501]  4.3867774 0.22496774 4.0266936 4.7444966 1.0003877  6535.1376
a_listing[502]  4.4125419 0.23848708 4.0270393 4.7894574 0.9999470  8012.2140
a_listing[503]  4.8852939 0.49509026 4.1171055 5.6879817 1.0011152  8011.8180
a_listing[504]  4.3544952 0.35929411 3.7898250 4.9215191 1.0001042  7101.2858
a_listing[505]  4.8814136 0.34722755 4.3186130 5.4252219 1.0010282  7088.7640
a_listing[506]  4.3536271 0.36459103 3.7762563 4.9217890 0.9996069  8830.8539
a_listing[507]  4.0866139 0.45239283 3.3577856 4.8139599 1.0014267  7954.3285
a_listing[508]  4.7734709 0.25587562 4.3676979 5.1827049 1.0004380  7471.1654
a_listing[509]  4.6299312 0.76229417 3.4222568 5.8693504 1.0004591  6207.7593
a_listing[510]  4.6212354 0.73601576 3.4290678 5.7994654 1.0033311  7271.3507
a_listing[511]  4.4162319 0.12940552 4.2082965 4.6203759 1.0061171   841.5776
a_listing[512]  4.7175515 0.29937339 4.2353255 5.1873960 1.0006177  9777.9885
a_listing[513]  4.4072521 0.44700035 3.6898408 5.1379302 1.0021826  7450.1436
a_listing[514]  4.6111638 0.74085113 3.4042952 5.8186995 1.0011629  6836.8186
a_listing[515]  4.7749691 0.29477084 4.3070494 5.2514378 1.0017479  7602.3523
a_listing[516]  4.3413910 0.34258949 3.7841009 4.8971710 1.0016284  6470.4287
a_listing[517]  4.1983484 0.28878916 3.7370254 4.6628306 1.0021602  8472.9421
a_listing[518]  4.5676583 0.38019530 3.9678781 5.1792437 1.0015479  8866.9784
a_listing[519]  4.6605223 0.24598978 4.2663356 5.0645059 0.9996725  6093.5295
a_listing[520]  3.7274575 0.75089496 2.5452188 4.9332275 1.0027831  7369.3253
a_listing[521]  4.2066593 0.42003497 3.5230391 4.8838928 1.0008156  8047.0294
a_listing[522]  4.6226105 0.75491345 3.4188393 5.8118310 0.9999484  6555.3527
a_listing[523]  4.5686759 0.36509846 3.9866247 5.1602531 1.0000288  6779.5551
a_listing[524]  4.3629118 0.31046474 3.8708569 4.8635279 1.0014487  7736.9963
a_listing[525]  4.6140508 0.73306946 3.4578415 5.7732498 1.0019585  7080.4352
a_listing[526]  4.7852596 0.29058382 4.3192714 5.2514888 1.0008401  7164.4702
a_listing[527]  4.6858125 0.34189747 4.1459704 5.2271844 1.0005045  8984.5548
a_listing[528]  4.5090080 0.29635889 4.0300372 4.9884543 1.0036436  8557.3780
a_listing[529]  4.4625140 0.30988615 3.9779737 4.9670046 1.0025202  7215.2060
a_listing[530]  4.6054904 0.75577298 3.4026436 5.8276352 1.0008289  7407.7412
a_listing[531]  4.8457780 0.53672638 3.9810751 5.6898157 1.0003727  8664.1846
a_listing[532]  4.8734721 0.47689908 4.1065900 5.6432712 1.0047888  7086.5798
a_listing[533]  4.5707556 0.30307777 4.0895602 5.0632890 1.0022330  7053.8700
a_listing[534]  4.5681536 0.44119833 3.8664362 5.2569355 1.0035425  8179.1893
a_listing[535]  4.7890967 0.61090959 3.8078306 5.7798380 1.0011572  6686.3686
a_listing[536]  4.7817573 0.34607831 4.2308701 5.3092445 1.0013273  7704.0498
a_listing[537]  2.9756895 0.48994409 2.1932611 3.7662295 1.0031611  7415.0237
a_listing[538]  4.3371908 0.40858228 3.6861526 4.9643390 1.0007982  8676.0963
a_listing[539]  4.6444677 0.39067894 4.0296210 5.2737737 1.0003941  7662.7538
a_listing[540]  4.6257115 0.74350183 3.4459702 5.8070578 1.0023921  7713.2775
a_listing[541]  2.8632135 0.78085875 1.6210731 4.1020286 1.0027917  7987.5350
a_listing[542]  4.4943563 0.47605044 3.7257383 5.2533115 1.0007149  7346.6664
a_listing[543]  4.6166485 0.55334426 3.7277611 5.5065013 1.0015565  7155.0128
a_listing[544]  4.8879523 0.42179153 4.2194199 5.5499774 1.0017386  9422.6034
a_listing[545]  4.8669541 0.49218789 4.0941313 5.6347665 1.0012633  7244.6846
a_listing[546]  4.8674952 0.50519892 4.0478190 5.6779833 1.0010166  8389.1881
a_listing[547]  4.8877053 0.45492198 4.1630551 5.6280166 1.0013442  6099.9636
a_listing[548]  3.7203247 0.48231875 2.9415559 4.4974940 1.0023581  6130.0039
a_listing[549]  4.4789799 0.42002779 3.8121993 5.1531871 1.0001477  6691.5873
a_listing[550]  4.7852924 0.33115350 4.2568237 5.3075882 1.0009466  8888.7128
a_listing[551]  4.6302443 0.73748107 3.4138840 5.8022731 1.0008802  7449.7387
a_listing[552]  4.2328170 0.36422650 3.6648697 4.8090576 1.0009420  6820.5399
a_listing[553]  4.8361727 0.54277502 3.9574557 5.7036158 1.0017226  5548.5234
a_listing[554]  3.8508149 0.61447306 2.8783350 4.8329490 1.0006012  7274.1096
a_listing[555]  4.5595781 0.44364705 3.8513428 5.2737656 0.9999697  7588.4597
a_listing[556]  4.7886125 0.30086324 4.3035331 5.2824939 1.0040490  7859.2969
a_listing[557]  3.9206838 0.48095122 3.1534620 4.6987477 1.0001097  8863.8610
a_listing[558]  4.1399072 0.54900572 3.2730543 5.0238867 1.0008263  8223.4474
a_listing[559]  4.8816976 0.49031571 4.0954383 5.6475696 1.0002565  7035.4789
a_listing[560]  4.7923664 0.61889893 3.8217013 5.7762843 1.0010089  6916.2353
a_listing[561]  4.4715163 0.42209980 3.8105501 5.1497749 1.0006952  6341.4839
a_listing[562]  4.7873270 0.65508862 3.7461536 5.8227354 1.0000678  6960.6298
a_listing[563]  3.6146950 0.44679700 2.9001177 4.3417247 0.9997184  6434.1264
a_listing[564]  4.1748178 0.73639913 3.0072445 5.3100539 1.0020658  7097.9385
a_listing[565]  4.2506091 0.36081416 3.6705046 4.8360249 1.0015790  5770.6622
a_listing[566]  4.1868994 0.29777332 3.7123811 4.6471372 1.0048295  7198.7969
a_listing[567]  4.6135926 0.74193180 3.4070709 5.8316869 1.0019713  7814.1123
a_listing[568]  4.8866964 0.42073987 4.2088422 5.5619031 1.0009005  8011.8933
a_listing[569]  4.8904942 0.40952134 4.2375372 5.5419153 1.0003463  7075.3185
a_listing[570]  4.1804491 0.75155829 2.9903746 5.3850344 1.0000291  7056.9711
a_listing[571]  4.6179001 0.74818270 3.4170839 5.8117758 1.0002477  8516.2271
a_listing[572]  4.1969175 0.36277726 3.6125849 4.7893669 1.0018086  8182.5925
a_listing[573]  4.4786388 0.61124832 3.5112143 5.4602621 1.0070765  7795.4628
a_listing[574]  4.5485273 0.27091960 4.1158952 4.9757874 1.0001721  7972.4396
a_listing[575]  4.1817504 0.75793609 2.9647172 5.3627083 1.0014240  8531.5152
a_listing[576]  2.8387173 0.74585862 1.6639543 4.0272947 1.0025895  6285.7050
a_listing[577]  4.5247243 0.39570458 3.8963010 5.1412537 0.9996530  7113.0802
a_listing[578]  4.4771838 0.49669085 3.6839185 5.2710057 1.0009393  7006.2248
a_listing[579]  4.8786017 0.49653689 4.0999956 5.6546652 1.0018598  9601.8141
a_listing[580]  4.6173933 0.74689859 3.4472149 5.8074917 1.0013816  8596.4431
a_listing[581]  4.8712376 0.48664759 4.0860928 5.6373195 1.0013208  6785.7423
a_listing[582]  4.7796038 0.62375722 3.7876400 5.7864428 1.0005159  6953.7173
a_listing[583]  4.2984561 0.49485867 3.4816870 5.0801096 1.0006773  7660.6197
a_listing[584]  4.3982814 0.11571900 4.2161654 4.5874556 1.0107734   520.2188
a_listing[585]  4.6191743 0.73727214 3.4433584 5.7647484 1.0010447  7629.9313
a_listing[586]  4.6188907 0.76783605 3.4084452 5.8571071 1.0012230  7733.6420
a_listing[587]  4.4134732 0.45479880 3.6863846 5.1520938 1.0009784  6831.2818
a_listing[588]  4.6180372 0.54500251 3.7418678 5.4975469 1.0015353  7884.9022
a_listing[589]  4.4951833 0.48686709 3.7254044 5.2728766 1.0012838  7381.9715
a_listing[590]  4.7753953 0.59628231 3.8221376 5.7307462 1.0007927  6852.9695
a_listing[591]  4.6129701 0.74961156 3.4242466 5.8225952 0.9997871  7333.9226
a_listing[592]  4.6062097 0.75703981 3.4276201 5.7997849 1.0009974  6291.8753
a_listing[593]  3.5551147 0.62244402 2.5767612 4.5341400 1.0008134  8534.9560
a_listing[594]  4.7800712 0.62911642 3.7716421 5.7812751 1.0006886  7325.4747
a_listing[595]  4.6250380 0.52717515 3.7905997 5.4899951 1.0007060  8733.5027
a_listing[596]  4.1767317 0.73754773 3.0043594 5.3421837 1.0007954  7865.5444
a_listing[597]  4.7763353 0.63352751 3.7267258 5.7895575 1.0009569  7156.3895
a_listing[598]  4.6192421 0.54576531 3.7485406 5.4709461 1.0007389  6869.8721
a_listing[599]  4.6235439 0.73203023 3.4456296 5.7640921 1.0011158  7309.3741
a_listing[600]  4.5696284 0.43805247 3.8762588 5.2614781 1.0008695  8366.4229
a_listing[601]  4.6176547 0.75755844 3.4176450 5.8328004 0.9996356  8778.3922
a_listing[602]  4.7917173 0.61760967 3.8085498 5.7887562 1.0005745  9092.0312
a_listing[603]  4.6034460 0.74398542 3.4497614 5.7945950 1.0006266  7869.2573
a_listing[604]  4.1987369 0.74334197 3.0064247 5.4004587 0.9997743  7350.7515
a_listing[605]  4.5280664 0.39811877 3.8935684 5.1516861 1.0007543  7637.8301
a_listing[606]  3.7279005 0.75613818 2.5457016 4.9267969 1.0012505  7642.5821
a_listing[607]  4.1639553 0.63133656 3.1623813 5.1800966 1.0054799  7209.7758
a_listing[608]  4.6221128 0.73445625 3.4448574 5.7918497 1.0013687  8766.3880
a_listing[609]  4.7853195 0.61967207 3.7833525 5.7830541 1.0006960  7699.8509
a_listing[610]  4.3048512 0.48398625 3.5363244 5.0798773 1.0001866  7300.8479
a_listing[611]  4.3787528 0.20841075 4.0429502 4.7170723 1.0010162  3852.2831
a_listing[612]  4.6218063 0.73776643 3.4362302 5.8320372 0.9999849  7360.9047
a_listing[613]  4.8429304 0.53540089 3.9977908 5.6979677 1.0031935  6562.6534
a_listing[614]  4.1779662 0.75801995 2.9476832 5.3779767 1.0012731  6361.8818
a_listing[615]  4.4766213 0.62427160 3.4701398 5.4818970 1.0010482  8367.5297
a_listing[616]  4.6495280 0.40791057 3.9807953 5.2981789 1.0018284  6633.3846
a_listing[617]  4.7687756 0.25499008 4.3644409 5.1705963 1.0018521  7209.2054
a_listing[618]  4.6132038 0.74528882 3.3987118 5.8375317 0.9995783  7087.0275
a_listing[619]  4.8915096 0.40902966 4.2241462 5.5422751 1.0005636  8533.4490
a_listing[620]  4.8865878 0.45411626 4.1800217 5.6086331 1.0025412  7443.9675
a_listing[621]  4.7552568 0.41848881 4.0922664 5.4267483 1.0003086  7123.0365
a_listing[622]  4.0282795 0.11575343 3.8475928 4.2136188 1.0124433   474.7151
a_listing[623]  4.3877084 0.11180540 4.2087085 4.5685934 1.0144488   436.0377
a_listing[624]  4.6181977 0.72907555 3.4363705 5.7726978 1.0001971  9494.8566
a_listing[625]  4.8859470 0.38929694 4.2800404 5.5056326 1.0012809  7498.2775
a_listing[626]  4.3591096 0.17981142 4.0689474 4.6404182 1.0017266  3907.6107
a_listing[627]  4.4665704 0.63772527 3.4462026 5.5010323 1.0003187  5885.0221
a_listing[628]  4.5499966 0.32050410 4.0331314 5.0591961 1.0020197  6577.8374
a_listing[629]  4.6212681 0.76308763 3.3972626 5.8261451 1.0022143  6581.5512
a_listing[630]  4.7886420 0.31098482 4.2862268 5.2885706 1.0017093  9016.4103
a_listing[631]  4.4380752 0.29060588 3.9804096 4.8963852 1.0019866  7135.3523
a_listing[632]  4.4756662 0.12025448 4.2829952 4.6685770 1.0137121   528.0791
a_listing[633]  4.7101536 0.31724518 4.2081770 5.2155867 1.0002935  6472.4906
a_listing[634]  4.6307795 0.71793282 3.4753349 5.7520382 1.0000956  6264.4714
a_listing[635]  4.7849791 0.62200660 3.7716071 5.7743757 1.0001841  6413.1219
a_listing[636]  4.4783901 0.41971372 3.8026746 5.1603315 1.0023408  8174.4962
a_listing[637]  4.8899733 0.36380447 4.3069240 5.4794197 1.0017209  7043.0390
a_listing[638]  4.5929541 0.19414507 4.2773985 4.8988659 1.0023696  4853.0407
a_listing[639]  4.5978520 0.19409720 4.2847869 4.9057846 1.0011338  4312.3442
a_listing[640]  4.5039637 0.26739563 4.0786057 4.9359134 1.0001587  6975.1858
a_listing[641]  4.6146160 0.41977373 3.9386227 5.2810982 1.0020641  7026.5368
a_listing[642]  4.7809373 0.27547058 4.3420391 5.2266362 1.0045657  6260.3836
a_listing[643]  4.6242680 0.71687072 3.4743025 5.7646728 1.0020823  5824.0018
a_listing[644]  4.6903549 0.34361235 4.1410831 5.2464741 1.0040998  7403.1705
a_listing[645]  4.1700443 0.28566196 3.7092625 4.6247463 1.0025873  7156.5631
a_listing[646]  4.6685825 0.37238097 4.0794201 5.2666477 1.0021720  7300.9561
a_listing[647]  4.6086893 0.76042097 3.4038081 5.8115596 1.0004387  9021.5436
a_listing[648]  4.6325155 0.29945212 4.1552842 5.1076754 1.0042637  6678.7495
a_listing[649]  4.4826832 0.24139637 4.0970192 4.8585465 1.0015651  6242.0645
a_listing[650]  4.6881554 0.35350272 4.1208330 5.2562369 1.0023502  8240.8103
a_listing[651]  4.3458504 0.15466727 4.0998627 4.5911352 1.0025499  2159.6442
a_listing[652]  4.7850790 0.64660618 3.7872306 5.8009472 1.0007839  7086.0894
a_listing[653]  4.4034545 0.16133107 4.1472132 4.6565946 1.0011793  2270.5678
a_listing[654]  4.8647078 0.30515709 4.3700435 5.3446786 1.0000194  7017.2795
a_listing[655]  4.8658047 0.31480093 4.3632800 5.3679479 1.0016967  6505.7670
a_listing[656]  4.2756920 0.12216959 4.0821651 4.4718061 1.0086501   663.5937
a_listing[657]  4.5889628 0.14823640 4.3504554 4.8213009 1.0071300  1382.0989
a_listing[658]  4.6777447 0.18823998 4.3717463 4.9769504 1.0005910  4290.1103
a_listing[659]  4.6286731 0.74199845 3.4335000 5.8188579 0.9999984  7627.8462
a_listing[660]  4.2065482 0.41540922 3.5412421 4.8739745 1.0013350  7760.7199
a_listing[661]  4.2885037 0.10612906 4.1188698 4.4598235 1.0229073   265.6332
a_listing[662]  4.1836686 0.74082925 3.0261902 5.3823742 1.0000641  6866.8872
a_listing[663]  4.4774433 0.62146231 3.4690108 5.4458309 1.0018894  7744.4317
a_listing[664]  4.7460244 0.41454514 4.0895783 5.4226234 1.0014144  6503.0335
a_listing[665]  4.4419491 0.13437155 4.2265689 4.6561519 1.0088040   826.3262
a_listing[666]  4.4898317 0.19040781 4.1867950 4.7976287 1.0012415  4961.7732
a_listing[667]  4.8772894 0.49618655 4.0851771 5.6613256 1.0015812  5928.3480
a_listing[668]  4.7715639 0.61820456 3.7914492 5.7543912 1.0028244  7270.6693
a_listing[669]  4.4755566 0.27189247 4.0450548 4.9105230 1.0000790  6570.3147
a_listing[670]  4.2175490 0.23847874 3.8359493 4.5965807 1.0039576  6290.6929
a_listing[671]  4.1679456 0.10533086 4.0019246 4.3374867 1.0263801   224.0469
a_listing[672]  3.8334202 0.12958745 3.6261967 4.0382274 1.0066427   825.9989
a_listing[673]  4.7801407 0.28260004 4.3228375 5.2316619 0.9999607  7588.5406
a_listing[674]  4.8810598 0.35700461 4.3003265 5.4428529 1.0023852  8065.7913
a_listing[675]  4.3117904 0.19354843 4.0028533 4.6191411 1.0017182  4854.0554
a_listing[676]  4.7246320 0.29901649 4.2461489 5.1921887 1.0015662  8169.3924
a_listing[677]  4.6197028 0.73517178 3.4558273 5.8120244 1.0025989  6152.6721
a_listing[678]  4.3879991 0.28698066 3.9239947 4.8512303 0.9998762  6750.7783
a_listing[679]  3.8518581 0.10600552 3.6841859 4.0207271 1.0180788   280.3779
a_listing[680]  4.3791431 0.19333336 4.0699592 4.6864533 1.0014482  4096.4121
a_listing[681]  4.6199791 0.73195381 3.4929132 5.8169018 1.0027084  8461.7202
a_listing[682]  4.4114031 0.11981483 4.2238556 4.6039493 1.0093750   557.4970
a_listing[683]  4.3354613 0.15859101 4.0812126 4.5813217 1.0034694  2098.9738
a_listing[684]  4.8798534 0.47938877 4.1225145 5.6591811 1.0030865  7595.3225
a_listing[685]  4.7829419 0.36532314 4.1912659 5.3870439 1.0047036  6887.2732
a_listing[686]  4.8338058 0.26377422 4.4001223 5.2595355 0.9999524  6628.0213
a_listing[687]  4.6119135 0.72465137 3.4559224 5.7654871 1.0018476  6924.9570
a_listing[688]  4.7858974 0.22108745 4.4331691 5.1297946 1.0005517  5957.8830
a_listing[689]  4.8443353 0.52009550 4.0097699 5.6642469 0.9998915  7575.2735
a_listing[690]  4.1631515 0.61148214 3.2011235 5.1546726 1.0002720  8140.8289
a_listing[691]  4.4874883 0.18859983 4.1824694 4.7904247 1.0029139  4884.0754
a_listing[692]  4.8754002 0.48293038 4.1186351 5.6583581 1.0000849  7397.8418
a_listing[693]  4.3896746 0.33447219 3.8649495 4.9211463 0.9999025  8005.8825
a_listing[694]  4.6212598 0.42437661 3.9299630 5.2916026 1.0016757  7732.5769
a_listing[695]  4.8849015 0.36862790 4.2950933 5.4800756 1.0042357  8840.6501
a_listing[696]  4.2198472 0.10775986 4.0491526 4.3935794 1.0195383   326.6871
a_listing[697]  4.4405391 0.13314963 4.2287306 4.6479063 1.0058699   957.0720
a_listing[698]  4.1642550 0.75817291 2.9454819 5.3426319 1.0024595  7576.2171
a_listing[699]  4.2509414 0.30507928 3.7652307 4.7345094 1.0015796  8854.5645
a_listing[700]  4.6940266 0.32757309 4.1714540 5.2126615 1.0016610  7357.8670
a_listing[701]  4.8215380 0.26066338 4.4040860 5.2321610 1.0017430  7118.7952
a_listing[702]  4.2204604 0.12899959 4.0161696 4.4301891 1.0068763   838.7259
a_listing[703]  4.6068431 0.74465789 3.4369670 5.7995089 1.0015447  7521.8740
a_listing[704]  4.7766978 0.36014590 4.2067934 5.3477272 1.0029157  7037.6551
a_listing[705]  4.8746161 0.47025078 4.1240756 5.6344490 1.0008246  7431.2979
a_listing[706]  4.3002250 0.11825855 4.1105555 4.4912113 1.0096622   540.5826
a_listing[707]  4.3091724 0.11139480 4.1308175 4.4890201 1.0114461   512.6462
a_listing[708]  4.7775254 0.35404127 4.2070324 5.3473745 1.0025837  8855.5164
a_listing[709]  4.1133267 0.49657253 3.3155320 4.9054938 1.0012703  7938.5256
a_listing[710]  4.8493036 0.28258839 4.4009064 5.2894029 1.0031482  7785.4075
a_listing[711]  4.3704597 0.20829710 4.0391135 4.6971362 1.0043832  6179.7351
a_listing[712]  4.4212691 0.11393867 4.2364285 4.6007435 1.0106808   468.6150
a_listing[713]  4.3725293 0.52834356 3.5334348 5.2223790 1.0016830  6113.7559
a_listing[714]  4.3563240 0.11156014 4.1792846 4.5356357 1.0136158   423.5687
a_listing[715]  4.7843047 0.29827946 4.3064523 5.2684382 1.0027786  6284.1046
a_listing[716]  4.5454723 0.15113361 4.3058388 4.7878157 1.0014337  2879.2781
a_listing[717]  4.8790233 0.48369883 4.1223427 5.6561579 1.0000081  7237.5433
a_listing[718]  4.7193548 0.25652187 4.3180370 5.1320008 1.0008003  6649.5475
a_listing[719]  4.6178930 0.75653464 3.4048585 5.8379754 1.0011890  8690.9025
a_listing[720]  4.7912103 0.32944942 4.2528335 5.3082214 1.0004786  7105.8015
a_listing[721]  4.5682931 0.20948248 4.2376276 4.8962385 1.0000006  5877.5819
a_listing[722]  4.6555896 0.27422835 4.2295835 5.0975464 1.0020985  7406.5603
a_listing[723]  4.6128245 0.75123143 3.3821448 5.7998726 1.0002089  5869.0206
a_listing[724]  4.2360829 0.37125354 3.6482540 4.8342463 1.0007527  6880.4902
a_listing[725]  4.1702483 0.62119007 3.1890681 5.1639305 1.0011843  8710.4752
a_listing[726]  4.7852689 0.31050636 4.2924835 5.2789054 1.0039213  6765.2732
a_listing[727]  4.7909144 0.33554040 4.2594825 5.3314522 1.0020852  6825.0145
a_listing[728]  4.6067536 0.15405740 4.3700374 4.8530334 1.0033334  1827.6095
a_listing[729]  4.4042521 0.17211245 4.1295358 4.6793180 1.0018232  2918.2206
a_listing[730]  4.5948963 0.74643799 3.4082487 5.7851854 1.0012542  7766.1514
a_listing[731]  4.8429792 0.28677112 4.3841411 5.2945930 1.0011287  7617.6053
a_listing[732]  4.4689549 0.15252310 4.2335863 4.7147978 1.0009697  2640.8905
a_listing[733]  4.2836180 0.13691864 4.0707554 4.5094208 1.0054146  1071.1302
a_listing[734]  4.6215298 0.15034822 4.3802252 4.8626024 1.0039569  1491.6467
a_listing[735]  4.4210139 0.25231488 4.0184988 4.8176116 1.0036251  7194.8065
a_listing[736]  4.4316715 0.14113786 4.2059349 4.6568962 1.0044582  1492.3644
a_listing[737]  4.3808884 0.11951364 4.1888063 4.5708396 1.0053816   660.3544
a_listing[738]  4.6204295 0.54515932 3.7634434 5.4845349 1.0005946  7731.2996
a_listing[739]  4.8420351 0.54823525 3.9615443 5.7139550 1.0023519  7401.8492
a_listing[740]  4.7074479 0.30581824 4.2144611 5.1917790 1.0006858  8548.8442
a_listing[741]  4.7783906 0.61753806 3.7821976 5.7467790 1.0020850  7452.6334
a_listing[742]  4.5727396 0.19075450 4.2643200 4.8741917 1.0011016  3994.8065
a_listing[743]  4.8870867 0.36608136 4.3091157 5.4633844 1.0022965  7681.1028
a_listing[744]  4.6572008 0.20085949 4.3202175 4.9785665 1.0017465  4736.0159
a_listing[745]  4.1295913 0.36655465 3.5420998 4.7177441 1.0030232  6421.0042
a_listing[746]  3.8420738 0.13255983 3.6316229 4.0571097 1.0085697   794.7026
a_listing[747]  4.8963694 0.41836578 4.2238845 5.5584113 1.0008168  7949.6031
a_listing[748]  4.4826343 0.18325714 4.1955185 4.7742068 1.0045641  4953.5636
a_listing[749]  3.8465942 0.11405769 3.6621353 4.0258517 1.0127194   444.5570
a_listing[750]  4.7921389 0.61973862 3.7944019 5.8017433 1.0007582  7255.0483
a_listing[751]  4.3337833 0.11059486 4.1555961 4.5120432 1.0109931   457.8171
a_listing[752]  4.6258517 0.74446324 3.4425515 5.8017983 1.0019949  7784.1196
a_listing[753]  4.4549778 0.12804837 4.2501737 4.6630350 1.0041708   880.6520
a_listing[754]  4.6103718 0.53445677 3.7574831 5.4843158 1.0045486  7800.4629
a_listing[755]  4.4696667 0.61918369 3.4898185 5.4467499 1.0001794  7215.4712
a_listing[756]  4.6271055 0.18994576 4.3228104 4.9344484 1.0007077  5756.0463
a_listing[757]  4.6740763 0.49312832 3.8990533 5.4467924 1.0016812  8459.9393
a_listing[758]  4.8896519 0.37982695 4.2905700 5.5168917 0.9999378  5217.6070
a_listing[759]  4.7762614 0.39423503 4.1591175 5.4106578 0.9997327  6600.8143
a_listing[760]  4.8850527 0.43150972 4.1900951 5.5761385 1.0003225  7677.3363
a_listing[761]  4.5509942 0.26791927 4.1264162 4.9766243 1.0045649  7414.2181
a_listing[762]  4.8139959 0.24647892 4.4228487 5.2054690 1.0002044  6716.3809
a_listing[763]  4.7674757 0.26326942 4.3462508 5.1951342 1.0002401  7060.9129
a_listing[764]  4.8305502 0.26486731 4.4118558 5.2569631 1.0002836  8692.8127
a_listing[765]  4.6082450 0.75905273 3.3924798 5.8417715 1.0002328  7919.0221
a_listing[766]  4.6167734 0.76250714 3.4171151 5.8709434 1.0017444  7273.9076
a_listing[767]  4.1796385 0.73711533 2.9956411 5.3703010 1.0026375  8109.9128
a_listing[768]  4.7548500 0.24070324 4.3675226 5.1405805 1.0016440  8146.0293
a_listing[769]  4.5332682 0.12248879 4.3367367 4.7264767 1.0059938   782.2200
a_listing[770]  4.4321123 0.29309988 3.9585980 4.8956314 1.0008785  8393.6938
a_listing[771]  4.5167840 0.24687430 4.1238025 4.9104607 1.0004004  7149.5544
a_listing[772]  4.6393470 0.18039372 4.3493253 4.9258641 1.0003674  3960.2180
a_listing[773]  4.3445847 0.13581324 4.1234104 4.5659721 1.0046108  1084.6190
a_listing[774]  4.6288247 0.31576147 4.1209552 5.1358871 1.0001660  8443.3442
a_listing[775]  4.4175973 0.15284765 4.1727174 4.6598838 1.0017563  2301.0714
a_listing[776]  4.8527361 0.53973725 3.9955892 5.7038724 1.0005411  7687.8083
a_listing[777]  4.6255220 0.15284765 4.3858330 4.8729130 1.0020318  1822.5736
a_listing[778]  4.6315797 0.17396284 4.3461837 4.9111642 1.0041191  3136.3903
a_listing[779]  4.5412533 0.18345002 4.2472337 4.8254526 1.0007558  3507.3407
a_listing[780]  4.8870435 0.36782738 4.2969808 5.4786265 1.0011778  7300.5359
a_listing[781]  4.1841078 0.71895442 3.0348195 5.3045858 1.0005135  8091.5485
a_listing[782]  4.3308687 0.26078632 3.8984901 4.7631003 1.0012603  7245.0652
a_listing[783]  4.1081174 0.16292796 3.8447920 4.3675499 1.0021841  2704.7659
a_listing[784]  4.8183757 0.25559358 4.4007154 5.2231266 1.0025322  7571.8759
a_listing[785]  4.7264669 0.44851492 4.0169705 5.4539566 1.0010008  7534.2313
a_listing[786]  4.1221277 0.10633382 3.9540793 4.2930943 1.0204007   280.8952
a_listing[787]  4.7650070 0.20329113 4.4348278 5.0906919 1.0008181  6034.8140
a_listing[788]  4.6202577 0.73798888 3.4404740 5.7904394 1.0005328  6451.3611
a_listing[789]  4.6260034 0.20050016 4.3070862 4.9486735 0.9998669  5489.1407
a_listing[790]  4.6260209 0.74986903 3.3893176 5.8153451 1.0016810  8026.0834
a_listing[791]  4.7867678 0.62732738 3.7787591 5.8133626 1.0004260  7210.5639
a_listing[792]  4.6900359 0.16501259 4.4245334 4.9494464 1.0014360  2876.2839
a_listing[793]  4.5188075 0.21321806 4.1778032 4.8590549 1.0003125  5017.4526
a_listing[794]  4.4310755 0.20905058 4.0989101 4.7658644 1.0029561  6733.0059
a_listing[795]  4.7810928 0.35603785 4.2109409 5.3487965 1.0041428  6338.0145
a_listing[796]  4.5947553 0.21527674 4.2566599 4.9374117 1.0022152  7090.7911
a_listing[797]  4.7926383 0.60935953 3.8201974 5.7781900 1.0028016  6289.6813
a_listing[798]  4.7768294 0.63107534 3.7760408 5.7836689 1.0006572  7819.4385
a_listing[799]  4.5702253 0.18885954 4.2673551 4.8730891 1.0017685  4777.8670
a_listing[800]  4.8393442 0.52625248 4.0113442 5.6871959 0.9996643  7440.8497
a_listing[801]  4.7807347 0.62576453 3.7865673 5.7691615 0.9998477  7593.0832
a_listing[802]  4.2837217 0.10781904 4.1134454 4.4603520 1.0185989   323.6031
a_listing[803]  4.4678556 0.63016347 3.4489958 5.4815672 1.0013648  7075.0448
a_listing[804]  4.1601301 0.75696612 2.9273110 5.3528837 1.0027052  6951.5864
a_listing[805]  4.8796252 0.44202796 4.1838252 5.5816470 1.0001912  7448.0724
a_listing[806]  4.7650401 0.25295279 4.3547646 5.1657273 1.0006614  6768.0116
a_listing[807]  4.4029477 0.14828221 4.1666712 4.6377597 1.0028229  1586.6313
a_listing[808]  4.5140243 0.25686557 4.0962758 4.9192220 1.0022658  7030.7076
a_listing[809]  4.8936706 0.39917347 4.2565331 5.5190634 1.0013651  5855.6283
a_listing[810]  4.6187520 0.74610657 3.4158792 5.7981750 1.0021974  7674.2007
a_listing[811]  4.6214821 0.24518293 4.2249936 5.0056599 1.0013332  7858.1754
a_listing[812]  4.5404325 0.15633183 4.2880805 4.7936760 1.0048082  1723.4398
a_listing[813]  4.5667667 0.19224283 4.2634840 4.8726783 1.0018465  4034.3943
a_listing[814]  4.1075413 0.10848469 3.9281687 4.2821951 1.0156467   352.2410
a_listing[815]  4.6098356 0.76150251 3.3778108 5.8268517 1.0036303  8620.7690
a_listing[816]  4.8757111 0.49370699 4.1055990 5.6719452 1.0034142  7328.4726
a_listing[817]  4.4999295 0.49107783 3.7122944 5.2752980 1.0020147  8008.1928
a_listing[818]  4.7893159 0.61124172 3.8076278 5.7692365 1.0036430  7055.8456
a_listing[819]  4.2043608 0.42124957 3.5350862 4.8767959 1.0000495  5842.6640
a_listing[820]  4.7774320 0.37834031 4.1851344 5.3944635 1.0002293  7520.4893
a_listing[821]  4.6244102 0.76786623 3.4145539 5.8727636 1.0005119  7901.1583
a_listing[822]  4.8804534 0.36098347 4.3024173 5.4644989 1.0020323 10157.2030
a_listing[823]  4.3686559 0.23035264 3.9939965 4.7353233 1.0033099  7052.0752
a_listing[824]  4.8528184 0.53436716 4.0034666 5.7252851 1.0020748  7641.2809
a_listing[825]  4.7046786 0.22254348 4.3541698 5.0643182 1.0002527  5212.5363
a_listing[826]  4.4998918 0.20265255 4.1802132 4.8186125 0.9998324  5881.2320
a_listing[827]  4.8289572 0.27070129 4.3932272 5.2584929 1.0008173  7185.5595
a_listing[828]  3.8569109 0.12863338 3.6504992 4.0571256 1.0046310   972.5488
a_listing[829]  4.5273263 0.37988052 3.9295779 5.1329375 0.9998629  6846.0827
a_listing[830]  4.6943650 0.17100384 4.4216799 4.9683514 1.0029714  2646.1471
a_listing[831]  4.6317218 0.75555226 3.3861166 5.8429059 1.0007419  6791.2790
a_listing[832]  4.7118666 0.21968186 4.3560579 5.0555257 1.0018157  5269.1306
a_listing[833]  4.1806781 0.75386109 2.9669860 5.3934136 1.0032612  7227.2176
a_listing[834]  4.5647281 0.30015724 4.0788009 5.0402271 1.0009594  8298.9909
a_listing[835]  4.4506007 0.36470095 3.8680626 5.0255773 1.0016185  7945.1528
a_listing[836]  4.6200329 0.75513445 3.4045865 5.8061430 1.0015564  6907.6590
a_listing[837]  4.4109056 0.23740525 4.0310358 4.7883020 1.0000254  7462.8615
a_listing[838]  4.7205475 0.28732121 4.2705371 5.1757247 1.0017897  7080.2075
a_listing[839]  4.4870955 0.20883203 4.1519808 4.8269738 1.0011760  5070.7042
a_listing[840]  4.1803543 0.73347771 3.0121859 5.3493564 1.0056111  7335.0275
a_listing[841]  4.3118214 0.14144538 4.0892215 4.5392975 1.0022129  1440.5169
a_listing[842]  4.8922816 0.42388492 4.2377899 5.5811244 1.0031709  8361.0435
a_listing[843]  4.8693280 0.31896649 4.3579300 5.3777729 1.0004487  7910.3474
a_listing[844]  4.4381832 0.24154630 4.0592950 4.8201187 1.0018966  5802.5422
a_listing[845]  4.7733489 0.26020850 4.3552918 5.1923337 0.9997567  7490.9941
a_listing[846]  4.0298205 0.25030938 3.6292308 4.4311689 1.0019287  7495.6344
a_listing[847]  4.3529373 0.18689575 4.0529333 4.6564550 1.0018662  4884.0140
a_listing[848]  4.2880503 0.19849092 3.9738945 4.6121778 1.0024729  5092.9811
a_listing[849]  4.3622203 0.29442467 3.8887408 4.8301114 1.0000982  7653.4397
a_listing[850]  4.2080974 0.19739004 3.8978483 4.5324567 0.9998705  5220.9800
a_listing[851]  4.3707433 0.27353725 3.9311556 4.8090874 1.0021819  6825.1572
a_listing[852]  4.0141058 0.16549805 3.7427482 4.2762408 1.0012934  2073.6040
a_listing[853]  4.6102336 0.16059400 4.3544009 4.8705189 1.0019535  2195.4164
a_listing[854]  4.4074103 0.46214136 3.6716887 5.1434003 1.0031988  9341.1766
a_listing[855]  4.5386092 0.14929683 4.2997075 4.7763089 1.0024733  2071.0731
a_listing[856]  4.8700879 0.48784784 4.0825810 5.6338696 1.0045558 10944.4705
a_listing[857]  4.2235180 0.25509733 3.8195067 4.6278662 0.9999639  7584.3346
a_listing[858]  4.2306963 0.16522172 3.9679355 4.4973414 1.0008127  2249.8703
a_listing[859]  4.6899421 0.49358587 3.8847429 5.4892868 1.0006576  7174.4583
a_listing[860]  4.6164339 0.25513326 4.2039673 5.0254616 1.0008592  7456.6432
a_listing[861]  4.3979686 0.17096751 4.1222563 4.6808714 1.0030837  3012.5609
a_listing[862]  4.3372634 0.24798924 3.9393005 4.7409207 1.0013550  6886.6134
a_listing[863]  4.4539698 0.19038264 4.1405229 4.7533937 1.0018285  3944.7699
a_listing[864]  4.0199791 0.17481438 3.7487023 4.2950726 1.0014328  3429.4191
a_listing[865]  4.4594306 0.26618823 4.0304405 4.8899051 1.0030358  7127.5564
a_listing[866]  4.0484174 0.20876187 3.7120880 4.3776375 1.0014395  4739.6528
a_listing[867]  2.7791739 0.49199718 2.0004535 3.5676539 0.9998381  7428.4067
a_listing[868]  3.9096208 0.15707567 3.6619804 4.1598843 1.0028447  2127.3679
a_listing[869]  4.2974929 0.32162807 3.7801956 4.8176211 1.0003213  9031.1132
a_listing[870]  4.2191283 0.16586821 3.9533712 4.4831765 1.0031311  2339.5779
a_listing[871]  4.4812972 0.13078597 4.2723403 4.6924984 1.0081350   881.8578
a_listing[872]  4.6051634 0.76465436 3.3708727 5.8230808 1.0020697  6885.1588
a_listing[873]  4.3824656 0.21405526 4.0357073 4.7210047 1.0016325  5003.8926
a_listing[874]  3.9605455 0.26915308 3.5236050 4.3899448 1.0018196  6489.6509
a_listing[875]  4.3963282 0.20283981 4.0723973 4.7194732 0.9999487  5961.7718
a_listing[876]  4.3491681 0.21768820 4.0019017 4.7010487 1.0012476  7254.1156
a_listing[877]  4.2132376 0.16259150 3.9540361 4.4732393 1.0022348  2971.8437
a_listing[878]  4.3247442 0.23578253 3.9459996 4.7068518 1.0023710  7661.3116
a_listing[879]  4.6247179 0.24410926 4.2374669 5.0117293 1.0002901  6052.9017
a_listing[880]  4.4199529 0.17882421 4.1347577 4.7027498 1.0007672  3919.8394
a_listing[881]  4.4314029 0.12393088 4.2327670 4.6312796 1.0075526   697.2827
a_listing[882]  3.9806083 0.22320716 3.6222196 4.3363599 1.0021489  6295.5626
a_listing[883]  4.8054819 0.24186950 4.4183578 5.1896874 1.0000024  7107.5441
a_listing[884]  3.9096789 0.14570546 3.6775997 4.1439405 1.0028712  1396.8352
a_listing[885]  4.4248715 0.17161225 4.1468702 4.6981306 1.0020914  3130.0525
a_listing[886]  4.4972631 0.16923979 4.2230812 4.7754244 1.0017747  2996.0255
a_listing[887]  4.0291188 0.12186365 3.8369795 4.2266055 1.0084417   610.3067
a_listing[888]  4.8419569 0.27294565 4.4108933 5.2818986 1.0020030  6597.5472
a_listing[889]  4.6196736 0.55048972 3.7614721 5.5056894 1.0037023  8209.8584
a_listing[890]  4.4147213 0.16994567 4.1383610 4.6857119 1.0046733  2609.9297
a_listing[891]  4.2821033 0.19721816 3.9675266 4.5870875 1.0009635  5228.3126
a_listing[892]  4.3803836 0.20978328 4.0392019 4.7164284 1.0011393  4298.6340
a_listing[893]  4.6170708 0.16229748 4.3579938 4.8794168 1.0013559  2329.1572
a_listing[894]  3.9252211 0.28078125 3.4801558 4.3822031 1.0003230  7094.9162
a_listing[895]  4.6197828 0.24949186 4.2101620 5.0162447 0.9999356  7440.4083
a_listing[896]  4.2751152 0.18131893 3.9890777 4.5691572 1.0015094  4208.4087
a_listing[897]  4.3940055 0.12991834 4.1825146 4.5997822 1.0047382   950.8522
a_listing[898]  4.5862146 0.13842510 4.3654420 4.8111033 1.0035518  1152.4832
a_listing[899]  4.2735695 0.24829538 3.8771995 4.6730965 1.0031364  7236.5753
a_listing[900]  3.9188647 0.28026150 3.4727331 4.3747251 1.0001742  7462.8824
a_listing[901]  4.3546476 0.25336489 3.9434724 4.7561725 1.0007234  7754.0609
a_listing[902]  4.2582062 0.27282800 3.8289093 4.6892314 1.0019387  7500.6407
a_listing[903]  4.0273805 0.21181140 3.6967044 4.3630926 1.0029672  4920.7494
a_listing[904]  4.1211055 0.26620740 3.6933280 4.5389254 1.0025946  7108.9886
a_listing[905]  4.7857931 0.35533036 4.2303848 5.3577588 1.0015665  7937.9488
a_listing[906]  4.4317554 0.34444526 3.8865923 4.9704309 1.0014711  6987.3345
a_listing[907]  4.2010304 0.24666598 3.8037234 4.5880743 1.0023805  7291.0442
a_listing[908]  4.2208055 0.21263232 3.8712469 4.5646891 1.0024954  5143.7670
a_listing[909]  3.8008064 0.35657026 3.2332173 4.3796138 1.0013834  6197.9052
a_listing[910]  3.9809640 0.27801422 3.5340637 4.4316205 1.0001197  7899.2376
a_listing[911]  4.7483019 0.22755172 4.3852963 5.1165413 1.0012055  6785.7024
a_listing[912]  4.4961323 0.12823397 4.2913402 4.7072188 1.0080378   780.3218
a_listing[913]  4.3513570 0.36987220 3.7544267 4.9385444 1.0025892  8013.4010
a_listing[914]  4.5123213 0.25541026 4.1056406 4.9185729 1.0005493  6346.8122
a_listing[915]  4.6171980 0.75597317 3.4177060 5.8269716 1.0044284  5640.6533
a_listing[916]  4.8475256 0.52634509 3.9970919 5.6966088 1.0014375  7789.7071
a_listing[917]  4.0487430 0.11690427 3.8629071 4.2305114 1.0104217   544.1165
a_listing[918]  4.3374267 0.23950430 3.9598061 4.7138323 1.0009421  7074.8527
a_listing[919]  4.4398650 0.18577922 4.1478375 4.7370038 1.0007167  5334.8403
a_listing[920]  4.6145507 0.74752992 3.4035110 5.8193942 1.0022100  7343.5291
a_listing[921]  4.6598401 0.15575539 4.4180842 4.9140046 1.0040572  1827.2030
a_listing[922]  4.7242709 0.28705981 4.2640624 5.1837241 1.0004536  7292.8372
a_listing[923]  4.5334093 0.12244853 4.3348951 4.7256792 1.0057912  1011.3818
a_listing[924]  4.2206525 0.10810685 4.0503323 4.4019384 1.0141248   381.9591
a_listing[925]  4.7777962 0.60976249 3.8249588 5.7478631 1.0000485  7094.8014
a_listing[926]  4.7693794 0.64034393 3.7593380 5.7567926 1.0006416  6858.7912
a_listing[927]  4.8427209 0.54241880 3.9941893 5.6928937 1.0018030  5224.5922
a_listing[928]  4.3779269 0.27799919 3.9411007 4.8203055 1.0025912  7021.7557
a_listing[929]  4.5778472 0.43917952 3.8721996 5.2800599 1.0024979  7238.1357
a_listing[930]  4.5698149 0.36650957 3.9801381 5.1575668 1.0011773  6953.5840
a_listing[931]  4.5867666 0.16544092 4.3146555 4.8561441 1.0017215  2764.0159
a_listing[932]  4.7217341 0.17523116 4.4370983 5.0027933 1.0028806  3533.8237
a_listing[933]  4.7693277 0.39135606 4.1403330 5.3926753 1.0030532  7109.1802
a_listing[934]  4.6114350 0.55598413 3.7145330 5.5126893 1.0012780  7769.9051
a_listing[935]  4.6068675 0.55920560 3.7315477 5.4939980 0.9997077  7245.2656
a_listing[936]  4.7151776 0.25877835 4.3008534 5.1358396 1.0038807  7600.8762
a_listing[937]  4.4563786 0.12005760 4.2613231 4.6441121 1.0094483   569.2094
a_listing[938]  4.7775621 0.60858916 3.8117593 5.7436753 1.0009503  6881.5532
a_listing[939]  4.6937450 0.17740875 4.4175782 4.9725776 1.0021048  3488.6947
a_listing[940]  4.7746863 0.62151228 3.7638402 5.7654111 1.0016034  8037.7785
a_listing[941]  4.6437191 0.17653567 4.3635724 4.9300090 1.0013067  3264.6085
a_listing[942]  4.5092241 0.22093396 4.1532363 4.8608099 1.0024997  6882.1933
a_listing[943]  4.5135884 0.12933603 4.3044687 4.7194650 1.0065112   842.7831
a_listing[944]  3.7906312 0.39300884 3.1598289 4.4215121 1.0003346  6068.9064
a_listing[945]  4.6055813 0.26143537 4.1880703 5.0169293 1.0034182  6691.1957
a_listing[946]  4.4219786 0.22943057 4.0581736 4.7938525 1.0010298  5725.3826
a_listing[947]  3.9948353 0.11982189 3.8067047 4.1885060 1.0083557   631.4380
a_listing[948]  4.5663841 0.44626149 3.8616947 5.2748854 1.0025496  6574.8412
a_listing[949]  4.6662669 0.21997704 4.3209757 5.0219561 1.0011432  6242.3953
a_listing[950]  4.1854400 0.74354707 2.9814118 5.3327034 1.0009545  8495.5406
a_listing[951]  4.7699438 0.38549047 4.1655853 5.3838177 1.0004569  6968.8140
a_listing[952]  4.6199077 0.75667624 3.4197612 5.8438131 1.0004474  7178.2562
a_listing[953]  3.9209465 0.13895960 3.7011302 4.1407309 1.0023723  1397.5838
a_listing[954]  4.4791068 0.12070828 4.2867161 4.6736264 1.0090465   681.0660
a_listing[955]  4.3287157 0.10634532 4.1639507 4.5034211 1.0201296   317.1665
a_listing[956]  4.6299688 0.30209814 4.1360329 5.1196693 1.0023673  8144.0524
a_listing[957]  4.2460604 0.19456901 3.9387795 4.5548954 1.0013891  4597.2370
a_listing[958]  4.7344123 0.44289097 4.0151626 5.4300684 1.0005505  6914.5440
a_listing[959]  4.1067808 0.16435950 3.8375252 4.3678592 1.0027988  2628.6017
a_listing[960]  4.4589008 0.11357360 4.2783532 4.6427340 1.0140319   400.5388
a_listing[961]  4.6498812 0.18203106 4.3554227 4.9406463 1.0011225  5396.5387
a_listing[962]  4.2111127 0.10883156 4.0414652 4.3875892 1.0127394   420.1794
a_listing[963]  4.2208926 0.17090238 3.9511550 4.5043657 1.0031458  3608.2277
a_listing[964]  4.6238632 0.75183951 3.4237068 5.8217257 1.0008358  7541.3404
a_listing[965]  3.6331310 0.10825160 3.4612696 3.8099757 1.0155295   374.8191
a_listing[966]  4.6870034 0.33926054 4.1443225 5.2272413 1.0004737  7836.9921
a_listing[967]  4.5789660 0.14884799 4.3436884 4.8176816 1.0029191  1341.0919
a_listing[968]  4.8831652 0.49483924 4.0909417 5.6806117 1.0015579  9060.3048
a_listing[969]  4.4576711 0.12201802 4.2634546 4.6521405 1.0086833   677.5047
a_listing[970]  4.7118580 0.31284618 4.2105300 5.2145878 1.0014393  6970.6646
a_listing[971]  4.6163841 0.75324983 3.4130044 5.8371706 1.0018128  7582.7233
a_listing[972]  4.7800111 0.61481083 3.7812369 5.7541910 1.0011120  6096.1459
a_listing[973]  4.4986841 0.21067699 4.1612970 4.8357137 1.0011444  5188.8814
a_listing[974]  4.6730428 0.18617912 4.3713157 4.9684851 1.0002302  4767.2033
a_listing[975]  4.8641656 0.34519290 4.3192171 5.4137224 1.0022492  8218.8421
a_listing[976]  4.4122921 0.12306572 4.2135760 4.6123890 1.0057457   826.1060
a_listing[977]  3.6696163 0.53932885 2.8215270 4.5312061 1.0019635  8574.9770
a_listing[978]  4.6057796 0.74811208 3.3963628 5.8391956 0.9998663  7482.0131
a_listing[979]  4.3241562 0.10781257 4.1449819 4.4910225 1.0158469   331.3446
a_listing[980]  4.5162393 0.21940736 4.1684764 4.8631966 0.9996413  7409.6505
a_listing[981]  4.8885612 0.44648139 4.1797238 5.6003527 1.0013567  8069.0952
a_listing[982]  4.6030387 0.74376943 3.4293744 5.7834582 0.9999484  8825.6473
a_listing[983]  4.8882103 0.42017805 4.2179715 5.5519404 1.0000404  8071.2466
a_listing[984]  4.3411202 0.10456724 4.1753960 4.5103613 1.0242259   240.1270
a_listing[985]  4.5212246 0.39306691 3.8758201 5.1441505 1.0003259  6910.2213
a_listing[986]  4.5952235 0.27656786 4.1503322 5.0262889 0.9993505  8004.0392
a_listing[987]  4.6736854 0.37226980 4.0821298 5.2670391 1.0004889  8081.8745
a_listing[988]  4.7412517 0.21307892 4.4023280 5.0792292 1.0002876  5613.7005
a_listing[989]  4.7770514 0.61101740 3.8106988 5.7747915 1.0030208  6742.3845
a_listing[990]  4.7536728 0.23988932 4.3637847 5.1410024 1.0023848  7366.4789
a_listing[991]  4.4857121 0.11249156 4.3085219 4.6659566 1.0135157   489.4788
a_listing[992]  4.3519459 0.12460642 4.1538138 4.5529428 1.0088560   703.2774
a_listing[993]  4.5933186 0.21304012 4.2552439 4.9333648 1.0010773  5882.8286
a_listing[994]  4.8260491 0.26200307 4.4171734 5.2394322 1.0018015  6699.9283
a_listing[995]  3.7129206 0.35495340 3.1458797 4.2772399 1.0005035  6446.3673
a_listing[996]  3.4256516 0.21811450 3.0760997 3.7768461 1.0006440  6719.8887
a_listing[997]  3.5191815 0.15142611 3.2796078 3.7669024 1.0011149  1994.3006
a_listing[998]  3.9715618 0.18198654 3.6793204 4.2625306 1.0012211  3635.1987
a_listing[999]  4.2631675 0.21709268 3.9127362 4.6073117 1.0023478  5357.0330
a_listing[1000] 3.2880972 0.74403600 2.0801312 4.4710660 0.9996283  6525.6801
a_listing[1001] 3.7704668 0.23670209 3.3944353 4.1442807 1.0018616  8243.1577
a_listing[1002] 4.0409203 0.10627211 3.8738411 4.2153881 1.0268119   222.0420
a_listing[1003] 4.7840867 0.34791710 4.2322880 5.3356263 1.0024396  7858.1257
a_listing[1004] 4.2467762 0.10604809 4.0794132 4.4179811 1.0280553   197.3908
a_listing[1005] 4.4319472 0.28756342 3.9834018 4.8942735 1.0008187  6855.6183
a_listing[1006] 4.7859398 0.61931712 3.8281886 5.7852416 1.0038841  7709.8212
a_listing[1007] 4.3924381 0.11036740 4.2166509 4.5704269 1.0141124   375.0775
a_listing[1008] 4.6473250 0.38050290 4.0557760 5.2615602 0.9998991  7091.1562
a_listing[1009] 4.8618010 0.30211120 4.3894950 5.3495349 1.0037518  6648.6019
a_listing[1010] 3.9236855 0.53565473 3.0628216 4.7781093 1.0012811  8066.7440
a_listing[1011] 4.7841101 0.62534971 3.7974321 5.7685793 1.0014827  6988.2162
a_listing[1012] 4.8492040 0.53095969 3.9882842 5.6792937 1.0001412  8380.9833
a_listing[1013] 4.6705148 0.18962889 4.3630195 4.9693154 1.0019802  5704.9089
a_listing[1014] 4.7851510 0.64347776 3.7656716 5.8157916 1.0071169  6997.6749
a_listing[1015] 4.8900024 0.41834981 4.2272508 5.5576400 0.9995645  6524.0247
a_listing[1016] 4.6025586 0.13899976 4.3809517 4.8252859 1.0067444  1091.6444
a_listing[1017] 4.5051700 0.12429559 4.3065302 4.7067679 1.0083201   728.6940
a_listing[1018] 4.4015293 0.18124596 4.1105143 4.6914204 1.0016119  4396.5887
a_listing[1019] 4.4743982 0.61437515 3.5016847 5.4614595 1.0002120  7490.4235
a_listing[1020] 4.6669340 0.23838114 4.2827245 5.0500974 1.0020939  5436.8739
a_listing[1021] 4.7830798 0.62138719 3.7992083 5.7852219 1.0006935  8759.2084
a_listing[1022] 4.8268785 0.27382157 4.3854626 5.2591188 1.0029640  8583.7781
a_listing[1023] 4.7176947 0.19804281 4.3966709 5.0374402 1.0006997  4148.8173
a_listing[1024] 4.2426469 0.10951718 4.0654556 4.4156164 1.0176008   340.9028
a_listing[1025] 4.7189623 0.25602481 4.3036773 5.1268158 1.0003533  7961.3542
a_listing[1026] 4.8441543 0.54136844 3.9935793 5.7140888 1.0026710  7797.8904
a_listing[1027] 4.4804925 0.21546635 4.1495478 4.8361008 1.0000936  5683.9916
a_listing[1028] 4.7253244 0.44546012 4.0152694 5.4312508 1.0063468  8792.6378
a_listing[1029] 4.4705156 0.21418488 4.1280645 4.8136966 1.0019759  5412.0659
a_listing[1030] 4.4943859 0.35557301 3.9129643 5.0591443 1.0009580  6275.2273
a_listing[1031] 4.5743987 0.20178174 4.2522294 4.8932532 1.0019266  5539.6552
a_listing[1032] 4.5856983 0.23045653 4.2199646 4.9508879 1.0040740  6319.8433
a_listing[1033] 4.8685766 0.48396608 4.1033595 5.6331603 1.0027495  8021.4600
a_listing[1034] 4.8785715 0.34135420 4.3327355 5.4160233 1.0063789  8475.4903
a_listing[1035] 4.2600616 0.10621703 4.0925153 4.4297669 1.0241403   209.9841
a_listing[1036] 4.2955614 0.19607979 3.9801283 4.6055909 0.9999101  4936.6464
a_listing[1037] 4.5966319 0.19178994 4.2917654 4.9074480 1.0019061  4171.7486
a_listing[1038] 4.7780529 0.28295828 4.3288428 5.2234098 1.0005746  8380.6981
a_listing[1039] 4.5033098 0.34760673 3.9479215 5.0641452 1.0010494  8076.4731
a_listing[1040] 4.6099727 0.54412022 3.7477940 5.4747656 1.0003898  6509.4679
a_listing[1041] 4.1807391 0.77532947 2.9451764 5.4301543 1.0013114  6856.9631
a_listing[1042] 4.8933761 0.41079711 4.2422658 5.5553697 0.9998749  7405.6166
a_listing[1043] 4.7778586 0.61056989 3.8045800 5.7245613 1.0039887  7878.5694
a_listing[1044] 4.3166308 0.24590037 3.9264682 4.7029523 1.0011821  8503.8195
a_listing[1045] 4.7989439 0.30353393 4.3110798 5.2819683 1.0008299  6367.9692
a_listing[1046] 4.7809625 0.61403893 3.8096517 5.7684299 1.0016628  7938.5724
a_listing[1047] 4.8713877 0.31413713 4.3802165 5.3631815 1.0035986  9205.1119
a_listing[1048] 4.7831073 0.37085892 4.1880305 5.3615634 1.0017704  8661.3435
a_listing[1049] 4.4888551 0.12525473 4.2892051 4.6833999 1.0105483   646.1264
a_listing[1050] 4.6285494 0.75322565 3.4143851 5.8414852 1.0038278  6302.2307
a_listing[1051] 4.6008762 0.34994705 4.0363175 5.1566735 1.0025964  7573.7512
a_listing[1052] 4.3417884 0.24288239 3.9540809 4.7371618 1.0017531  5968.0050
a_listing[1053] 4.3898699 0.11470718 4.2095090 4.5777161 1.0093472   501.2634
a_listing[1054] 4.0918157 0.43906656 3.3795926 4.7897849 1.0015725  7871.9157
a_listing[1055] 4.0122377 0.12726583 3.8094086 4.2161993 1.0045054   896.9774
a_listing[1056] 4.6624064 0.16130400 4.4019582 4.9153582 1.0015302  2711.8118
a_listing[1057] 4.8566056 0.55628847 3.9819159 5.7478949 1.0003023  6723.6466
a_listing[1058] 4.0428118 0.11928291 3.8504121 4.2330991 1.0119686   539.6803
a_listing[1059] 3.9975970 0.10904571 3.8229091 4.1714083 1.0150063   381.5968
a_listing[1060] 3.8028662 0.30482597 3.3230738 4.2926130 1.0000420  8032.7969
a_listing[1061] 4.6335122 0.75209781 3.4244163 5.8308421 1.0006913  7493.7340
a_listing[1062] 4.5901419 0.18451590 4.2980722 4.8816176 1.0002149  3242.1346
a_listing[1063] 4.5066440 0.16440809 4.2476311 4.7671828 1.0014275  2448.7421
a_listing[1064] 4.8510061 0.52584711 4.0169180 5.6840559 1.0018563  7369.9544
a_listing[1065] 4.1443031 0.10633754 3.9757085 4.3160185 1.0181066   300.2781
a_listing[1066] 4.7812162 0.61779223 3.7792510 5.7747263 1.0015305  7278.5035
a_listing[1067] 4.6693446 0.16663873 4.3966200 4.9335165 1.0012421  2854.8393
a_listing[1068] 4.7448448 0.41925626 4.0818224 5.4261819 0.9998103  7196.6802
a_listing[1069] 4.6861096 0.16902134 4.4133616 4.9499537 1.0052318  3319.5455
a_listing[1070] 4.6764178 0.22736894 4.3077362 5.0445807 1.0004283  7704.5826
a_listing[1071] 4.4450083 0.13069124 4.2316005 4.6499878 1.0044687   970.1072
a_listing[1072] 3.5564219 0.61250540 2.5967130 4.5413182 1.0005982  9927.7815
a_listing[1073] 4.6225960 0.55147907 3.7444012 5.5162687 1.0013310  6799.2519
a_listing[1074] 4.4714656 0.31761598 3.9618321 4.9688527 1.0004819  5949.6200
a_listing[1075] 3.6745819 0.54051193 2.8185996 4.5509684 1.0036596  6945.7178
a_listing[1076] 4.4670638 0.61634978 3.4758366 5.4365275 1.0016241  6808.6134
a_listing[1077] 4.3402067 0.23301519 3.9709663 4.7007040 0.9997426  7125.6300
a_listing[1078] 4.2538721 0.31104961 3.7575144 4.7492976 1.0018171  7606.5126
a_listing[1079] 3.9878242 0.33408537 3.4440506 4.5165776 1.0022883  7813.1603
a_listing[1080] 3.6554439 0.40089332 3.0349049 4.2972823 1.0002537  6615.8229
a_listing[1081] 4.6691071 0.16677804 4.4105430 4.9309586 1.0029804  2217.8971
a_listing[1082] 4.3652796 0.13747282 4.1462953 4.5843475 1.0046038  1392.6081
a_listing[1083] 4.8492431 0.30599231 4.3556532 5.3452270 1.0007288  8098.9364
a_listing[1084] 4.1736113 0.18144488 3.8873292 4.4640808 1.0019813  4144.2529
a_listing[1085] 4.7751874 0.63670743 3.7308905 5.7694079 1.0020813  6963.4235
a_listing[1086] 4.6128405 0.74868965 3.4249967 5.8156797 1.0005782  6025.2089
a_listing[1087] 4.6613576 0.20931972 4.3236454 4.9985150 1.0037382  6608.3353
a_listing[1088] 4.7781033 0.63352208 3.7455085 5.8058496 1.0037699  7995.1155
a_listing[1089] 4.8471163 0.52957677 4.0070572 5.6967177 0.9995612  6744.2359
a_listing[1090] 4.6184669 0.51350714 3.8095888 5.4422886 1.0011054  7626.5883
a_listing[1091] 4.7648552 0.21257984 4.4304883 5.1057134 1.0011900  6292.5494
a_listing[1092] 4.6248455 0.20442758 4.2965109 4.9510962 1.0021549  5707.8188
a_listing[1093] 4.3111300 0.49593910 3.5295700 5.1126086 1.0018460 11239.4606
a_listing[1094] 4.7154771 0.44792518 4.0013528 5.4244162 1.0008137  8056.7644
a_listing[1095] 4.5810275 0.28541271 4.1248133 5.0307241 1.0004167  8858.9751
a_listing[1096] 4.6045689 0.26238221 4.1907280 5.0183027 1.0005161  6932.2496
a_listing[1097] 4.5877349 0.14861890 4.3480566 4.8181285 1.0042847  1617.2063
a_listing[1098] 4.4144605 0.15260064 4.1696779 4.6576233 1.0029735  1904.7411
a_listing[1099] 4.6022472 0.16354105 4.3397847 4.8677568 1.0014406  2833.7659
a_listing[1100] 4.8861108 0.43915747 4.1910969 5.5903486 1.0004079  7429.2577
a_listing[1101] 4.5650945 0.17728658 4.2831197 4.8491348 1.0025830  4230.3103
a_listing[1102] 4.7678851 0.38264642 4.1528812 5.3804825 1.0003106  7970.3554
a_listing[1103] 4.3478131 0.36874507 3.7627363 4.9355692 0.9998367  6582.0947
a_listing[1104] 4.7680225 0.63320439 3.7576991 5.7942984 0.9997063  8377.3915
a_listing[1105] 4.6270438 0.73172573 3.4654181 5.7705347 1.0011243  5991.9717
a_listing[1106] 4.4142678 0.18054117 4.1325192 4.6993074 0.9998648  4995.4863
a_listing[1107] 4.8542217 0.54898934 3.9496784 5.7298571 1.0021503  6791.8597
a_listing[1108] 4.4056862 0.13408176 4.1876092 4.6174781 1.0071745   974.8498
a_listing[1109] 4.6032646 0.13908128 4.3801725 4.8246023 1.0034932  1136.0631
a_listing[1110] 4.4813504 0.11693071 4.2906089 4.6656613 1.0094820   596.6913
a_listing[1111] 4.6199048 0.75428940 3.3999454 5.8318589 1.0004586  7844.3102
a_listing[1112] 4.6903702 0.49518845 3.8941412 5.4783775 1.0009001  7922.0054
a_listing[1113] 4.4775611 0.62074179 3.4772544 5.4859869 0.9996843  7481.1197
a_listing[1114] 4.4993355 0.26013043 4.0875006 4.9098059 0.9999091  9777.7212
a_listing[1115] 4.1654093 0.60233939 3.2153989 5.1245610 0.9998944  7950.6712
a_listing[1116] 4.7647925 0.25507243 4.3617991 5.1769357 1.0023535  6343.6366
a_listing[1117] 4.7827050 0.36679391 4.2037446 5.3608246 1.0002817  6847.5831
a_listing[1118] 4.7763071 0.60697045 3.8028440 5.7446345 1.0026832  6232.0042
a_listing[1119] 3.2939170 0.75032894 2.0507673 4.4689341 1.0012537  7990.9478
a_listing[1120] 3.8052902 0.32894626 3.2749672 4.3352227 0.9997408  6776.9183
a_listing[1121] 4.7321211 0.21252356 4.3890562 5.0703770 1.0026035  5756.0359
a_listing[1122] 4.4328133 0.14259735 4.2097297 4.6550113 1.0051366  1173.8517
a_listing[1123] 4.6248977 0.25422304 4.2198490 5.0416540 1.0050732  7215.7906
a_listing[1124] 4.4747057 0.17417201 4.1966876 4.7546449 1.0010914  3524.5388
a_listing[1125] 3.7322058 0.31354826 3.2329904 4.2373124 1.0003510  8094.0345
a_listing[1126] 4.1878562 0.31035879 3.6910383 4.6741476 0.9997385  7673.0222
a_listing[1127] 4.8783096 0.49013234 4.0970928 5.6510994 1.0024163  8527.0494
a_listing[1128] 4.6095677 0.76163797 3.3892754 5.8138484 1.0013084  6915.1999
a_listing[1129] 4.4624608 0.61825992 3.4792145 5.4666519 1.0010108  8583.9383
a_listing[1130] 4.1770165 0.73314187 3.0112648 5.3407169 1.0032916  6890.1453
a_listing[1131] 4.1692004 0.62254479 3.1638137 5.1577223 1.0003533  7359.5523
a_listing[1132] 4.7706394 0.39454305 4.1443354 5.3909958 1.0004971  6657.3083
a_listing[1133] 2.8466955 0.73649160 1.6548002 4.0049323 1.0013920  7657.0688
a_listing[1134] 4.8698021 0.48297799 4.0876989 5.6394132 1.0009758  6816.4624
a_listing[1135] 4.6182618 0.53591166 3.7612705 5.4750023 1.0010345  6311.9309
a_listing[1136] 4.5919985 0.27745675 4.1519674 5.0395223 1.0008389  6893.6895
a_listing[1137] 4.2810865 0.39646956 3.6408426 4.9141775 1.0020739  6320.9355
a_listing[1138] 3.9249011 0.40679893 3.2865713 4.5792372 1.0003497  5723.2575
a_listing[1139] 4.8457735 0.53737341 3.9691494 5.6948690 1.0013459  8340.3216
a_listing[1140] 4.2973015 0.12560763 4.0951933 4.5003994 1.0105369   636.2813
a_listing[1141] 4.3983586 0.14561304 4.1613701 4.6387524 1.0051053  1311.0084
a_listing[1142] 4.7100902 0.31043676 4.2108636 5.2092158 1.0014266  7688.3483
a_listing[1143] 4.2625817 0.10901192 4.0850673 4.4391171 1.0159963   360.7311
a_listing[1144] 4.2155933 0.29906797 3.7340747 4.6816029 0.9993414  9127.1432
a_listing[1145] 4.7298489 0.18621351 4.4335314 5.0349786 1.0009309  4326.2914
a_listing[1146] 4.7614580 0.26017917 4.3357023 5.1777493 1.0034418  7458.6030
a_listing[1147] 4.7873558 0.34506788 4.2279980 5.3331168 1.0013558  7109.1655
a_listing[1148] 4.7838493 0.29006519 4.3185235 5.2466763 1.0017385  7574.4122
a_listing[1149] 4.7467685 0.21653956 4.3910215 5.0894157 1.0010598  4858.6701
a_listing[1150] 4.7897574 0.31547229 4.2891619 5.2949707 1.0018077  7480.2186
a_listing[1151] 4.7861272 0.63043127 3.7593119 5.7869908 1.0018070  7780.5576
a_listing[1152] 4.6236055 0.73637571 3.4169618 5.7982421 0.9995765  7602.4533
a_listing[1153] 4.4593778 0.16816476 4.1879637 4.7297204 1.0025759  2691.8041
a_listing[1154] 4.5898923 0.26954856 4.1559796 5.0345291 1.0018612  6562.5389
a_listing[1155] 4.5231849 0.16991656 4.2539602 4.7998518 1.0014281  2807.3822
a_listing[1156] 4.8487117 0.30066241 4.3645948 5.3174276 0.9997893  8707.7901
a_listing[1157] 4.5890082 0.34650717 4.0360707 5.1502371 1.0008624  8440.0936
a_listing[1158] 4.1820344 0.13586053 3.9676224 4.4010398 1.0040920  1182.2096
a_listing[1159] 4.3784594 0.56391595 3.4858513 5.2708136 1.0009940  6204.3125
a_listing[1160] 4.8866584 0.38788325 4.2707352 5.5038950 1.0016930  7864.5853
a_listing[1161] 4.3342383 0.15179680 4.0913152 4.5765646 1.0022101  2106.8152
a_listing[1162] 4.3970507 0.19675383 4.0785807 4.7090444 1.0010541  5050.7127
a_listing[1163] 4.3071054 0.15909313 4.0427622 4.5597517 1.0025294  2471.8165
a_listing[1164] 4.2817081 0.16130809 4.0244352 4.5400888 1.0019956  2521.8514
a_listing[1165] 4.3750226 0.21723370 4.0333227 4.7253357 1.0020920  5162.9277
a_listing[1166] 4.6523513 0.39280655 4.0323149 5.2851432 0.9997932  6885.5419
a_listing[1167] 4.1199661 0.28939649 3.6565411 4.5820202 1.0022754  8214.6098
a_listing[1168] 4.7884048 0.60845528 3.7955537 5.7609580 1.0008104  6470.7097
a_listing[1169] 4.4170172 0.45021055 3.6999937 5.1495403 1.0077943  6784.6600
a_listing[1170] 4.3469814 0.36171387 3.7730360 4.9169934 1.0046176  8428.2525
a_listing[1171] 4.6109907 0.75868336 3.3664276 5.8297397 1.0009726  7097.3163
a_listing[1172] 4.6172328 0.77503580 3.4003641 5.8645774 1.0022620  7818.5455
a_listing[1173] 3.9561199 0.30517645 3.4574320 4.4293019 1.0012265  6821.8050
a_listing[1174] 3.7933244 0.42048620 3.1300743 4.4690785 0.9998089  7919.1838
a_listing[1175] 4.1118908 0.50327803 3.3270874 4.9050869 1.0007869  7623.7078
a_listing[1176] 4.5898543 0.15302759 4.3459650 4.8368854 1.0009465  2221.6317
a_listing[1177] 4.6280732 0.73123832 3.4349421 5.7963693 1.0009712  6777.7427
a_listing[1178] 4.5681669 0.18321121 4.2729125 4.8650951 1.0027886  3840.0850
a_listing[1179] 4.6107352 0.73255874 3.4453893 5.7754520 1.0020179  8335.0786
a_listing[1180] 4.7787877 0.62519121 3.8161573 5.7857022 1.0000172  8252.4416
a_listing[1181] 4.4963580 0.18801968 4.1996627 4.7956105 1.0002364  4461.4023
a_listing[1182] 4.5637130 0.46410927 3.8281882 5.3118298 1.0012201  7947.8842
a_listing[1183] 4.4776076 0.63314902 3.4752314 5.5010181 1.0007358  6801.7303
a_listing[1184] 4.4965513 0.12461517 4.2940368 4.7036917 1.0051229   648.0816
a_listing[1185] 4.6156374 0.73843449 3.4490958 5.8239069 1.0016743  6670.3873
a_listing[1186] 4.5576148 0.21162052 4.2256096 4.9009811 1.0026138  5573.1624
a_listing[1187] 4.4842512 0.15239333 4.2385611 4.7256967 1.0041101  1619.0032
a_listing[1188] 4.6638951 0.25690249 4.2549761 5.0757741 1.0006810  6373.4333
a_listing[1189] 4.8476895 0.54279668 3.9738585 5.7063485 1.0006102  7609.7570
a_listing[1190] 4.4823386 0.61413738 3.5023086 5.4670869 1.0007695  6129.3716
a_listing[1191] 4.7069235 0.18089527 4.4229146 4.9932878 1.0007100  4103.3579
a_listing[1192] 4.6949601 0.19607175 4.3829284 4.9990552 1.0006474  5106.1575
a_listing[1193] 4.4211415 0.20335229 4.0857492 4.7443964 1.0013018  4043.2753
a_listing[1194] 4.6584181 0.14806328 4.4242929 4.8978927 1.0021581  1879.9788
a_listing[1195] 4.8460602 0.54668923 3.9864247 5.6991437 1.0010995  6557.8559
a_listing[1196] 4.1975593 0.73667126 3.0098337 5.3783796 0.9995734  8343.5148
a_listing[1197] 4.4565542 0.14201513 4.2354868 4.6875808 1.0037238  1253.4742
a_listing[1198] 3.7411823 0.15870740 3.4867193 3.9961035 1.0041652  2380.1890
a_listing[1199] 4.6163895 0.75876460 3.4190433 5.8409569 1.0011159  8137.6487
a_listing[1200] 4.5918381 0.28294119 4.1360513 5.0589046 1.0009707  8991.2148
b_rev           0.1790093 0.02402285 0.1400383 0.2176821 1.0366223   156.5157
